// yaw00_lev3_p54_classic.mh: machine generated classical descriptor matcher
//
// Command: tasm -d tasmout_muct77 ../tasm/shapes/muct77.shape 0 0 [abde]

#ifndef STASM_YAW00_LEV3_P54_CLASSIC_MH
#define STASM_YAW00_LEV3_P54_CLASSIC_MH

namespace stasm {

// static const int EYEMOUTH_DIST = 100;
// static const double PYR_RATIO = 2;

static const double yaw00_lev3_p54_prof[9] = // mean profile
{
    0.669861, 0.647829, 0.322733, -0.446469, -1.13521, 0.0354548, 0.46514, 1.03197, 0.268207
};
static const double yaw00_cov_lev3_p54[9*9] = // covariance matrix
{
    1.71286, -0.0378539, 0.105142, 0.213368, 0.226848, 0.245213, 0.0802709, 0.0861858, 0.112969,
    -0.0378539, 2.4277, -0.271493, 0.0723673, 0.196644, 0.23159, -0.0524122, -0.0403343, 0.0230957,
    0.105142, -0.271493, 2.21283, -0.0212385, 0.297225, 0.346105, -0.0430853, -0.135738, -0.0546734,
    0.213368, 0.0723673, -0.0212385, 1.66676, 0.590571, 0.520445, 0.0909893, 0.0094803, 0.0505904,
    0.226848, 0.196644, 0.297225, 0.590571, 1.16559, 0.530433, 0.107195, 0.0167271, 0.128998,
    0.245213, 0.23159, 0.346105, 0.520445, 0.530433, 0.89982, 0.30653, 0.205461, 0.246167,
    0.0802709, -0.0524122, -0.0430853, 0.0909893, 0.107195, 0.30653, 0.942483, 0.55416, 0.34823,
    0.0861858, -0.0403343, -0.135738, 0.0094803, 0.0167271, 0.205461, 0.55416, 1.02015, 0.326654,
    0.112969, 0.0230957, -0.0546734, 0.0505904, 0.128998, 0.246167, 0.34823, 0.326654, 0.780125
};

static const ClassicDescMod yaw00_lev3_p54_classic(9, yaw00_lev3_p54_prof, yaw00_cov_lev3_p54);

} // namespace stasm
#endif // STASM_YAW00_LEV3_P54_CLASSIC_MH
