// yaw00_lev3_p72_classic.mh: machine generated classical descriptor matcher
//
// Command: tasm -d tasmout_muct77 ../tasm/shapes/muct77.shape 0 0 [abde]

#ifndef STASM_YAW00_LEV3_P72_CLASSIC_MH
#define STASM_YAW00_LEV3_P72_CLASSIC_MH

namespace stasm {

// static const int EYEMOUTH_DIST = 100;
// static const double PYR_RATIO = 2;

static const double yaw00_lev3_p72_prof[9] = // mean profile
{
    0.119364, 0.280846, 0.40445, 0.41991, -0.116782, -1.03423, -0.187807, 1.19432, 0.366053
};
static const double yaw00_cov_lev3_p72[9*9] = // covariance matrix
{
    0.915272, 0.0495784, 0.147597, 0.153997, 0.240852, 0.140199, 0.0539233, 0.0116788, -0.00477992,
    0.0495784, 1.1465, 0.0818419, 0.252948, 0.355783, 0.123269, 0.0746153, 0.0386256, 0.00791078,
    0.147597, 0.0818419, 1.25944, 0.129604, 0.366724, 0.0655703, 0.0612155, 0.0383275, 0.0263861,
    0.153997, 0.252948, 0.129604, 1.73886, 0.20439, -0.0518495, 0.0398134, 0.0928752, 0.0665949,
    0.240852, 0.355783, 0.366724, 0.20439, 2.39924, 0.194195, 0.262511, 0.168867, 0.146375,
    0.140199, 0.123269, 0.0655703, -0.0518495, 0.194195, 1.2101, 0.617129, 0.375682, 0.193031,
    0.0539233, 0.0746153, 0.0612155, 0.0398134, 0.262511, 0.617129, 0.814496, 0.49641, 0.339409,
    0.0116788, 0.0386256, 0.0383275, 0.0928752, 0.168867, 0.375682, 0.49641, 0.75662, 0.355134,
    -0.00477992, 0.00791078, 0.0263861, 0.0665949, 0.146375, 0.193031, 0.339409, 0.355134, 0.685299
};

static const ClassicDescMod yaw00_lev3_p72_classic(9, yaw00_lev3_p72_prof, yaw00_cov_lev3_p72);

} // namespace stasm
#endif // STASM_YAW00_LEV3_P72_CLASSIC_MH
