// yaw00_lev1_p04_classic.mh: machine generated classical descriptor matcher
//
// Command: tasm -d tasmout_muct77 ../tasm/shapes/muct77.shape 0 0 [abde]

#ifndef STASM_YAW00_LEV1_P04_CLASSIC_MH
#define STASM_YAW00_LEV1_P04_CLASSIC_MH

namespace stasm {

// static const int EYEMOUTH_DIST = 100;
// static const double PYR_RATIO = 2;

static const double yaw00_lev1_p04_prof[9] = // mean profile
{
    -0.451231, -0.47253, -0.519099, -0.661889, -0.791879, -0.171467, 0.286893, 0.194916, 0.0859488
};
static const double yaw00_cov_lev1_p04[9*9] = // covariance matrix
{
    1.33186, -0.239294, 0.0661856, 0.0918271, 0.026928, 0.0235709, 0.00932981, 0.00540208, -0.0143631,
    -0.239294, 1.55241, -0.302553, 0.0420801, 0.0380042, 0.0143357, 0.0104441, 0.00287466, 0.0145083,
    0.0661856, -0.302553, 1.61482, -0.293876, 0.0379688, 0.0128593, -0.00677418, 0.0187762, -0.00539159,
    0.0918271, 0.0420801, -0.293876, 1.48843, -0.218202, 0.0598335, 0.00421819, 0.00435491, 0.00855743,
    0.026928, 0.0380042, 0.0379688, -0.218202, 0.678332, -0.158068, 0.0590298, -0.0128056, -0.00850653,
    0.0235709, 0.0143357, 0.0128593, 0.0598335, -0.158068, 0.321638, -0.119455, 0.0471555, 0.0170174,
    0.00932981, 0.0104441, -0.00677418, 0.00421819, 0.0590298, -0.119455, 0.505229, -0.200037, 0.0442305,
    0.00540208, 0.00287466, 0.0187762, 0.00435491, -0.0128056, 0.0471555, -0.200037, 0.676533, -0.219965,
    -0.0143631, 0.0145083, -0.00539159, 0.00855743, -0.00850653, 0.0170174, 0.0442305, -0.219965, 0.595538
};

static const ClassicDescMod yaw00_lev1_p04_classic(9, yaw00_lev1_p04_prof, yaw00_cov_lev1_p04);

} // namespace stasm
#endif // STASM_YAW00_LEV1_P04_CLASSIC_MH
