// yaw00_lev3_p73_classic.mh: machine generated classical descriptor matcher
//
// Command: tasm -d tasmout_muct77 ../tasm/shapes/muct77.shape 0 0 [abde]

#ifndef STASM_YAW00_LEV3_P73_CLASSIC_MH
#define STASM_YAW00_LEV3_P73_CLASSIC_MH

namespace stasm {

// static const int EYEMOUTH_DIST = 100;
// static const double PYR_RATIO = 2;

static const double yaw00_lev3_p73_prof[9] = // mean profile
{
    0.359937, 0.511285, 0.434578, -0.0580435, -0.525931, -0.0204844, -0.834377, 0.550483, 0.734882
};
static const double yaw00_cov_lev3_p73[9*9] = // covariance matrix
{
    1.42732, 0.105913, 0.617859, 0.59216, 0.355522, 0.232066, 0.195407, 0.156298, 0.0980557,
    0.105913, 1.48283, 0.153542, 0.700356, 0.43092, 0.128871, 0.0952988, 0.135688, 0.102997,
    0.617859, 0.153542, 1.8614, 0.286999, 0.651043, 0.0799522, 0.0474429, 0.136552, 0.104115,
    0.59216, 0.700356, 0.286999, 2.36368, 0.678342, 0.221114, 0.049473, 0.195783, 0.147044,
    0.355522, 0.43092, 0.651043, 0.678342, 2.67309, 0.766934, 0.411589, 0.247517, 0.211252,
    0.232066, 0.128871, 0.0799522, 0.221114, 0.766934, 1.40501, 0.762846, 0.61002, 0.387588,
    0.195407, 0.0952988, 0.0474429, 0.049473, 0.411589, 0.762846, 1.30523, 0.855729, 0.571014,
    0.156298, 0.135688, 0.136552, 0.195783, 0.247517, 0.61002, 0.855729, 0.977631, 0.614888,
    0.0980557, 0.102997, 0.104115, 0.147044, 0.211252, 0.387588, 0.571014, 0.614888, 0.834472
};

static const ClassicDescMod yaw00_lev3_p73_classic(9, yaw00_lev3_p73_prof, yaw00_cov_lev3_p73);

} // namespace stasm
#endif // STASM_YAW00_LEV3_P73_CLASSIC_MH
