// yaw00_lev2_p13_classic.mh: machine generated classical descriptor matcher
//
// Command: tasm -d tasmout_muct77 ../tasm/shapes/muct77.shape 0 0 [abde]

#ifndef STASM_YAW00_LEV2_P13_CLASSIC_MH
#define STASM_YAW00_LEV2_P13_CLASSIC_MH

namespace stasm {

// static const int EYEMOUTH_DIST = 100;
// static const double PYR_RATIO = 2;

static const double yaw00_lev2_p13_prof[9] = // mean profile
{
    -0.427247, -0.505816, -0.648443, -0.75819, -0.87098, -0.840004, -0.722612, -0.543942, -0.412691
};
static const double yaw00_cov_lev2_p13[9*9] = // covariance matrix
{
    1.10689, -0.0934218, 0.00189747, 0.0642078, 0.0640956, 0.101283, 0.0613514, 0.048546, 0.0611746,
    -0.0934218, 1.14421, -0.0989414, 0.0125605, 0.0522222, 0.0564182, 0.0472219, 0.0325027, 0.0549436,
    0.00189747, -0.0989414, 0.932432, -0.0943419, 0.00674635, 0.041385, 0.0508249, 0.0229142, 0.0305064,
    0.0642078, 0.0125605, -0.0943419, 0.863185, -0.128344, 0.0402438, 0.0298064, 0.0214832, 0.0227824,
    0.0640956, 0.0522222, 0.00674635, -0.128344, 0.812761, -0.134705, 0.0100159, 0.0359425, 0.030135,
    0.101283, 0.0564182, 0.041385, 0.0402438, -0.134705, 0.673627, -0.0999407, -0.00953943, 0.0270727,
    0.0613514, 0.0472219, 0.0508249, 0.0298064, 0.0100159, -0.0999407, 0.570196, -0.119617, -0.0108505,
    0.048546, 0.0325027, 0.0229142, 0.0214832, 0.0359425, -0.00953943, -0.119617, 0.54848, -0.136727,
    0.0611746, 0.0549436, 0.0305064, 0.0227824, 0.030135, 0.0270727, -0.0108505, -0.136727, 0.470461
};

static const ClassicDescMod yaw00_lev2_p13_classic(9, yaw00_lev2_p13_prof, yaw00_cov_lev2_p13);

} // namespace stasm
#endif // STASM_YAW00_LEV2_P13_CLASSIC_MH
