// yaw00_lev2_p02_classic.mh: machine generated classical descriptor matcher
//
// Command: tasm -d tasmout_muct77 ../tasm/shapes/muct77.shape 0 0 [abde]

#ifndef STASM_YAW00_LEV2_P02_CLASSIC_MH
#define STASM_YAW00_LEV2_P02_CLASSIC_MH

namespace stasm {

// static const int EYEMOUTH_DIST = 100;
// static const double PYR_RATIO = 2;

static const double yaw00_lev2_p02_prof[9] = // mean profile
{
    -0.631518, -0.657821, -0.671569, -0.741315, -1.03097, -0.409666, 0.327586, 0.108404, 0.0146234
};
static const double yaw00_cov_lev2_p02[9*9] = // covariance matrix
{
    2.2706, -0.702386, -0.0291735, 0.0519754, 0.0509369, 0.0409188, 0.00530677, -0.00474281, 0.0178849,
    -0.702386, 2.98774, -0.72216, -0.003452, 0.0499436, 0.0683276, -0.0158778, 0.0184621, 0.0241639,
    -0.0291735, -0.72216, 2.7599, -0.465816, 0.0935303, 0.0323112, -0.0165853, -0.024059, 0.00703715,
    0.0519754, -0.003452, -0.465816, 2.27854, -0.118075, 0.0989692, -0.0032127, 0.00928527, 0.0206985,
    0.0509369, 0.0499436, 0.0935303, -0.118075, 0.623708, -0.0663555, 0.0253076, 0.00204027, 0.0165649,
    0.0409188, 0.0683276, 0.0323112, 0.0989692, -0.0663555, 0.210627, -0.0150107, 0.0476199, 0.0346813,
    0.00530677, -0.0158778, -0.0165853, -0.0032127, 0.0253076, -0.0150107, 0.426861, 0.0017252, 0.0838787,
    -0.00474281, 0.0184621, -0.024059, 0.00928527, 0.00204027, 0.0476199, 0.0017252, 0.604024, 0.0153144,
    0.0178849, 0.0241639, 0.00703715, 0.0206985, 0.0165649, 0.0346813, 0.0838787, 0.0153144, 0.690228
};

static const ClassicDescMod yaw00_lev2_p02_classic(9, yaw00_lev2_p02_prof, yaw00_cov_lev2_p02);

} // namespace stasm
#endif // STASM_YAW00_LEV2_P02_CLASSIC_MH
