// yaw00_lev0_p04_classic.mh: machine generated classical descriptor matcher
//
// Command: tasm -d tasmout_muct77 ../tasm/shapes/muct77.shape 0 0 [abde]

#ifndef STASM_YAW00_LEV0_P04_CLASSIC_MH
#define STASM_YAW00_LEV0_P04_CLASSIC_MH

namespace stasm {

// static const int EYEMOUTH_DIST = 100;
// static const double PYR_RATIO = 2;

static const double yaw00_lev0_p04_prof[9] = // mean profile
{
    -0.406103, -0.427883, -0.522979, -0.59681, -0.571093, -0.344054, 0.0474109, 0.190766, 0.153925
};
static const double yaw00_cov_lev0_p04[9*9] = // covariance matrix
{
    1.3719, -0.187565, -0.0229616, -0.0111613, 0.00917408, 0.0271506, -0.0040376, -0.0127859, 0.00648472,
    -0.187565, 1.39206, -0.237081, 0.0161565, -0.0152949, 0.00559032, 0.0036498, 0.0151088, 0.00246899,
    -0.0229616, -0.237081, 1.2906, -0.217612, -0.00124755, -0.00262448, 0.0190287, -0.00892131, 0.0208755,
    -0.0111613, 0.0161565, -0.217612, 1.11314, -0.280383, 0.0358495, 0.000908618, -0.0089178, 0.00426759,
    0.00917408, -0.0152949, -0.00124755, -0.280383, 0.783768, -0.263791, 0.0515584, 0.000876802, 0.00360237,
    0.0271506, 0.00559032, -0.00262448, 0.0358495, -0.263791, 0.570332, -0.232027, 0.0514725, 0.00150084,
    -0.0040376, 0.0036498, 0.0190287, 0.000908618, 0.0515584, -0.232027, 0.542236, -0.233721, 0.047606,
    -0.0127859, 0.0151088, -0.00892131, -0.0089178, 0.000876802, 0.0514725, -0.233721, 0.679669, -0.256541,
    0.00648472, 0.00246899, 0.0208755, 0.00426759, 0.00360237, 0.00150084, 0.047606, -0.256541, 0.627026
};

static const ClassicDescMod yaw00_lev0_p04_classic(9, yaw00_lev0_p04_prof, yaw00_cov_lev0_p04);

} // namespace stasm
#endif // STASM_YAW00_LEV0_P04_CLASSIC_MH
