// yaw00_lev3_p18_classic.mh: machine generated classical descriptor matcher
//
// Command: tasm -d tasmout_muct77 ../tasm/shapes/muct77.shape 0 0 [abde]

#ifndef STASM_YAW00_LEV3_P18_CLASSIC_MH
#define STASM_YAW00_LEV3_P18_CLASSIC_MH

namespace stasm {

// static const int EYEMOUTH_DIST = 100;
// static const double PYR_RATIO = 2;

static const double yaw00_lev3_p18_prof[9] = // mean profile
{
    -0.169191, -0.0241845, 0.271285, 0.403822, 0.231453, -0.26009, -0.347841, 0.981065, 0.897237
};
static const double yaw00_cov_lev3_p18[9*9] = // covariance matrix
{
    1.06435, -0.0591749, 0.0822435, 0.184347, 0.127902, 0.0338172, -0.0563894, -0.0848604, -0.06566,
    -0.0591749, 0.790971, -0.0111906, 0.152328, 0.0893182, 0.0116601, -0.0474936, -0.0903605, -0.0454232,
    0.0822435, -0.0111906, 0.593206, 0.116645, 0.107785, 0.0166496, -0.045311, -0.0756167, -0.0398093,
    0.184347, 0.152328, 0.116645, 0.784819, 0.185258, 0.0867563, 0.0215054, -0.0707473, -0.0339537,
    0.127902, 0.0893182, 0.107785, 0.185258, 1.04489, 0.333666, 0.199285, 0.125886, 0.0780928,
    0.0338172, 0.0116601, 0.0166496, 0.0867563, 0.333666, 1.15204, 0.470007, 0.295864, 0.169756,
    -0.0563894, -0.0474936, -0.045311, 0.0215054, 0.199285, 0.470007, 0.62881, 0.278237, 0.254364,
    -0.0848604, -0.0903605, -0.0756167, -0.0707473, 0.125886, 0.295864, 0.278237, 0.799573, 0.424904,
    -0.06566, -0.0454232, -0.0398093, -0.0339537, 0.0780928, 0.169756, 0.254364, 0.424904, 1.11678
};

static const ClassicDescMod yaw00_lev3_p18_classic(9, yaw00_lev3_p18_prof, yaw00_cov_lev3_p18);

} // namespace stasm
#endif // STASM_YAW00_LEV3_P18_CLASSIC_MH
