// yaw00_lev0_p14_classic.mh: machine generated classical descriptor matcher
//
// Command: tasm -d tasmout_muct77 ../tasm/shapes/muct77.shape 0 0 [abde]

#ifndef STASM_YAW00_LEV0_P14_CLASSIC_MH
#define STASM_YAW00_LEV0_P14_CLASSIC_MH

namespace stasm {

// static const int EYEMOUTH_DIST = 100;
// static const double PYR_RATIO = 2;

static const double yaw00_lev0_p14_prof[9] = // mean profile
{
    -0.674923, -0.662956, -0.617848, -0.618579, -0.63214, -0.640335, -0.63708, -0.674422, -0.672176
};
static const double yaw00_cov_lev0_p14[9*9] = // covariance matrix
{
    0.673542, -0.201163, 0.0743848, -0.0283329, -0.0252481, 0.0194589, 0.00425786, 0.0191319, 0.031541,
    -0.201163, 0.928206, -0.291126, 0.10872, -0.0219595, -0.0289371, 0.000807699, 0.0386973, -0.00527656,
    0.0743848, -0.291126, 1.06109, -0.318486, 0.110051, -0.0289645, -0.0130127, -0.0278587, 0.0103739,
    -0.0283329, 0.10872, -0.318486, 1.1686, -0.319527, 0.116132, -0.0284778, -0.0144876, -0.0100118,
    -0.0252481, -0.0219595, 0.110051, -0.319527, 1.15421, -0.313575, 0.114931, -0.0086392, -0.0422566,
    0.0194589, -0.0289371, -0.0289645, 0.116132, -0.313575, 1.05845, -0.328637, 0.0951402, -0.0361785,
    0.00425786, 0.000807699, -0.0130127, -0.0284778, 0.114931, -0.328637, 1.03448, -0.310181, 0.0294932,
    0.0191319, 0.0386973, -0.0278587, -0.0144876, -0.0086392, 0.0951402, -0.310181, 0.954326, -0.253551,
    0.031541, -0.00527656, 0.0103739, -0.0100118, -0.0422566, -0.0361785, 0.0294932, -0.253551, 0.720919
};

static const ClassicDescMod yaw00_lev0_p14_classic(9, yaw00_lev0_p14_prof, yaw00_cov_lev0_p14);

} // namespace stasm
#endif // STASM_YAW00_LEV0_P14_CLASSIC_MH
