// yaw00_lev3_p12_classic.mh: machine generated classical descriptor matcher
//
// Command: tasm -d tasmout_muct77 ../tasm/shapes/muct77.shape 0 0 [abde]

#ifndef STASM_YAW00_LEV3_P12_CLASSIC_MH
#define STASM_YAW00_LEV3_P12_CLASSIC_MH

namespace stasm {

// static const int EYEMOUTH_DIST = 100;
// static const double PYR_RATIO = 2;

static const double yaw00_lev3_p12_prof[9] = // mean profile
{
    -0.0826351, -0.574484, -0.937017, -1.07997, -1.8728, 0.0870592, 0.361353, 0.327444, 0.33141
};
static const double yaw00_cov_lev3_p12[9*9] = // covariance matrix
{
    1.04254, -0.121627, -0.0744521, 0.0967387, -0.0464803, -0.0228278, -0.0241245, -0.013213, -0.00815292,
    -0.121627, 2.29966, -0.108795, 0.192481, 0.133401, -0.0154587, -0.0804296, -0.0612716, -0.109123,
    -0.0744521, -0.108795, 1.83302, -0.0106456, 0.212959, 0.0241684, -0.0689414, -0.0978687, -0.0760801,
    0.0967387, 0.192481, -0.0106456, 1.40214, 0.172411, -0.0169899, -0.109914, -0.0909948, -0.042325,
    -0.0464803, 0.133401, 0.212959, 0.172411, 0.391955, 0.0591362, 0.0476988, 0.0646414, 0.105548,
    -0.0228278, -0.0154587, 0.0241684, -0.0169899, 0.0591362, 0.450693, 0.125589, 0.136806, 0.165456,
    -0.0241245, -0.0804296, -0.0689414, -0.109914, 0.0476988, 0.125589, 0.709816, 0.109178, 0.169853,
    -0.013213, -0.0612716, -0.0978687, -0.0909948, 0.0646414, 0.136806, 0.109178, 1.02345, 0.0709307,
    -0.00815292, -0.109123, -0.0760801, -0.042325, 0.105548, 0.165456, 0.169853, 0.0709307, 1.43169
};

static const ClassicDescMod yaw00_lev3_p12_classic(9, yaw00_lev3_p12_prof, yaw00_cov_lev3_p12);

} // namespace stasm
#endif // STASM_YAW00_LEV3_P12_CLASSIC_MH
