// yaw00_lev2_p11_classic.mh: machine generated classical descriptor matcher
//
// Command: tasm -d tasmout_muct77 ../tasm/shapes/muct77.shape 0 0 [abde]

#ifndef STASM_YAW00_LEV2_P11_CLASSIC_MH
#define STASM_YAW00_LEV2_P11_CLASSIC_MH

namespace stasm {

// static const int EYEMOUTH_DIST = 100;
// static const double PYR_RATIO = 2;

static const double yaw00_lev2_p11_prof[9] = // mean profile
{
    -0.692314, -0.758191, -0.767322, -0.999457, -1.18637, 0.0721801, 0.197922, 0.120998, 0.0710557
};
static const double yaw00_cov_lev2_p11[9*9] = // covariance matrix
{
    3.78902, -1.68047, 0.258564, 0.127656, 0.164275, 0.0249704, 0.0234419, -0.000582969, 0.019022,
    -1.68047, 4.46979, -1.55222, 0.11505, 0.10788, -0.0111213, -2.12978e-005, -0.0353429, -0.0450561,
    0.258564, -1.55222, 3.85883, -0.70204, 0.147592, -0.0313361, -0.0416763, -0.0168021, -0.020211,
    0.127656, 0.11505, -0.70204, 1.81582, -0.0671811, 0.054298, -0.0317381, -0.00164173, -0.00144342,
    0.164275, 0.10788, 0.147592, -0.0671811, 0.358904, -0.0371557, 0.0689565, 0.0276848, 0.0468489,
    0.0249704, -0.0111213, -0.0313361, 0.054298, -0.0371557, 0.362132, 0.0294052, 0.0853164, 0.0626643,
    0.0234419, -2.12978e-005, -0.0416763, -0.0317381, 0.0689565, 0.0294052, 0.597002, 0.0290961, 0.146515,
    -0.000582969, -0.0353429, -0.0168021, -0.00164173, 0.0276848, 0.0853164, 0.0290961, 0.688446, 0.00834144,
    0.019022, -0.0450561, -0.020211, -0.00144342, 0.0468489, 0.0626643, 0.146515, 0.00834144, 0.823846
};

static const ClassicDescMod yaw00_lev2_p11_classic(9, yaw00_lev2_p11_prof, yaw00_cov_lev2_p11);

} // namespace stasm
#endif // STASM_YAW00_LEV2_P11_CLASSIC_MH
