// yaw00_lev0_p08_classic.mh: machine generated classical descriptor matcher
//
// Command: tasm -d tasmout_muct77 ../tasm/shapes/muct77.shape 0 0 [abde]

#ifndef STASM_YAW00_LEV0_P08_CLASSIC_MH
#define STASM_YAW00_LEV0_P08_CLASSIC_MH

namespace stasm {

// static const int EYEMOUTH_DIST = 100;
// static const double PYR_RATIO = 2;

static const double yaw00_lev0_p08_prof[9] = // mean profile
{
    -0.37467, -0.434375, -0.505325, -0.568025, -0.600309, -0.42036, -0.0431681, 0.131782, 0.151372
};
static const double yaw00_cov_lev0_p08[9*9] = // covariance matrix
{
    1.29643, -0.201531, 0.021857, -0.034128, -0.0134397, 0.0297978, 0.00782425, -0.0180173, 0.0177708,
    -0.201531, 1.38554, -0.221849, 0.0127925, -0.000992442, -0.00302924, 0.0209057, -0.00175114, -0.00334009,
    0.021857, -0.221849, 1.31504, -0.208243, 0.0101389, 0.00554321, -0.00149588, 0.0254559, 0.0131295,
    -0.034128, 0.0127925, -0.208243, 1.19734, -0.230976, 0.00727963, 0.0105427, -0.0125597, -0.0075331,
    -0.0134397, -0.000992442, 0.0101389, -0.230976, 0.908753, -0.264698, 0.0506881, 0.000150486, 0.000707593,
    0.0297978, -0.00302924, 0.00554321, 0.00727963, -0.264698, 0.577306, -0.238359, 0.0547016, 0.0018033,
    0.00782425, 0.0209057, -0.00149588, 0.0105427, 0.0506881, -0.238359, 0.532558, -0.234564, 0.0506801,
    -0.0180173, -0.00175114, 0.0254559, -0.0125597, 0.000150486, 0.0547016, -0.234564, 0.634504, -0.24053,
    0.0177708, -0.00334009, 0.0131295, -0.0075331, 0.000707593, 0.0018033, 0.0506801, -0.24053, 0.58621
};

static const ClassicDescMod yaw00_lev0_p08_classic(9, yaw00_lev0_p08_prof, yaw00_cov_lev0_p08);

} // namespace stasm
#endif // STASM_YAW00_LEV0_P08_CLASSIC_MH
