// yaw00_lev0_p15_classic.mh: machine generated classical descriptor matcher
//
// Command: tasm -d tasmout_muct77 ../tasm/shapes/muct77.shape 0 0 [abde]

#ifndef STASM_YAW00_LEV0_P15_CLASSIC_MH
#define STASM_YAW00_LEV0_P15_CLASSIC_MH

namespace stasm {

// static const int EYEMOUTH_DIST = 100;
// static const double PYR_RATIO = 2;

static const double yaw00_lev0_p15_prof[9] = // mean profile
{
    0.565818, 0.543611, 0.546987, 0.560795, 0.573149, 0.564519, 0.593567, 0.626543, 0.647584
};
static const double yaw00_cov_lev0_p15[9*9] = // covariance matrix
{
    0.610598, -0.192077, -0.0111503, -0.0415879, -0.0332355, -0.00758318, 0.00824976, 0.00156597, 0.0135071,
    -0.192077, 0.789471, -0.191888, 0.0176987, -0.022506, -0.0269178, -0.0142573, 0.00988336, 0.00921303,
    -0.0111503, -0.191888, 0.827733, -0.200984, 0.0169848, -0.0137502, -0.0179023, -0.01144, 0.00627797,
    -0.0415879, 0.0176987, -0.200984, 0.887345, -0.196389, 0.00431331, -0.0185375, -0.0127471, -0.00134122,
    -0.0332355, -0.022506, 0.0169848, -0.196389, 0.902272, -0.159546, 0.0073288, -0.0146481, -0.0214621,
    -0.00758318, -0.0269178, -0.0137502, 0.00431331, -0.159546, 0.978703, -0.159182, 0.00123703, -0.0213416,
    0.00824976, -0.0142573, -0.0179023, -0.0185375, 0.0073288, -0.159182, 0.903517, -0.171882, 0.0454144,
    0.00156597, 0.00988336, -0.01144, -0.0127471, -0.0146481, 0.00123703, -0.171882, 0.84602, -0.175703,
    0.0135071, 0.00921303, 0.00627797, -0.00134122, -0.0214621, -0.0213416, 0.0454144, -0.175703, 0.695288
};

static const ClassicDescMod yaw00_lev0_p15_classic(9, yaw00_lev0_p15_prof, yaw00_cov_lev0_p15);

} // namespace stasm
#endif // STASM_YAW00_LEV0_P15_CLASSIC_MH
