// yaw00_lev2_p05_classic.mh: machine generated classical descriptor matcher
//
// Command: tasm -d tasmout_muct77 ../tasm/shapes/muct77.shape 0 0 [abde]

#ifndef STASM_YAW00_LEV2_P05_CLASSIC_MH
#define STASM_YAW00_LEV2_P05_CLASSIC_MH

namespace stasm {

// static const int EYEMOUTH_DIST = 100;
// static const double PYR_RATIO = 2;

static const double yaw00_lev2_p05_prof[9] = // mean profile
{
    -0.526235, -0.937003, -1.19967, -1.37577, -0.717345, 0.706074, 0.444099, 0.361962, 0.30159
};
static const double yaw00_cov_lev2_p05[9*9] = // covariance matrix
{
    1.10189, -0.294342, 0.0490334, 0.305101, 0.167363, -0.0367545, 0.0339707, 0.00287469, 0.0618891,
    -0.294342, 1.39606, -0.0586916, 0.0831795, 0.175994, -0.0159138, 0.0202959, -0.0326625, 0.0315489,
    0.0490334, -0.0586916, 1.67829, -0.0024555, 0.150288, -0.0154406, -0.0496411, -0.0393615, -0.0204787,
    0.305101, 0.0831795, -0.0024555, 1.5499, 0.0508735, -0.0404147, -0.0600876, -0.120451, -0.10614,
    0.167363, 0.175994, 0.150288, 0.0508735, 0.794181, -0.0265099, 0.0605308, -0.0133698, -0.00985302,
    -0.0367545, -0.0159138, -0.0154406, -0.0404147, -0.0265099, 0.805107, -0.00135199, 0.144873, 0.130358,
    0.0339707, 0.0202959, -0.0496411, -0.0600876, 0.0605308, -0.00135199, 1.17657, -0.196024, 0.106561,
    0.00287469, -0.0326625, -0.0393615, -0.120451, -0.0133698, 0.144873, -0.196024, 1.34691, -0.219868,
    0.0618891, 0.0315489, -0.0204787, -0.10614, -0.00985302, 0.130358, 0.106561, -0.219868, 1.31812
};

static const ClassicDescMod yaw00_lev2_p05_classic(9, yaw00_lev2_p05_prof, yaw00_cov_lev2_p05);

} // namespace stasm
#endif // STASM_YAW00_LEV2_P05_CLASSIC_MH
