// yaw00_lev2_p01_classic.mh: machine generated classical descriptor matcher
//
// Command: tasm -d tasmout_muct77 ../tasm/shapes/muct77.shape 0 0 [abde]

#ifndef STASM_YAW00_LEV2_P01_CLASSIC_MH
#define STASM_YAW00_LEV2_P01_CLASSIC_MH

namespace stasm {

// static const int EYEMOUTH_DIST = 100;
// static const double PYR_RATIO = 2;

static const double yaw00_lev2_p01_prof[9] = // mean profile
{
    -0.610316, -0.721058, -0.758813, -0.812945, -1.21969, -0.767421, 0.274577, 0.165818, 0.0955384
};
static const double yaw00_cov_lev2_p01[9*9] = // covariance matrix
{
    4.08865, -1.5375, 0.0618442, 0.369332, 0.112609, 0.143854, -0.00159568, 0.0435815, 0.00353094,
    -1.5375, 4.45553, -1.36498, -0.080022, 0.256021, 0.0566468, -0.0200758, -0.0238757, -0.0532592,
    0.0618442, -1.36498, 4.1385, -1.10515, 0.123496, 0.0572609, -0.0304273, -0.024437, -0.00127278,
    0.369332, -0.080022, -1.10515, 3.25228, -0.243744, 0.135511, -0.0830266, -0.000727541, -0.0492462,
    0.112609, 0.256021, 0.123496, -0.243744, 0.852769, -0.0411692, 0.0431283, 0.00293541, 0.0182625,
    0.143854, 0.0566468, 0.0572609, 0.135511, -0.0411692, 0.289564, -0.0106905, 0.0695268, 0.0404464,
    -0.00159568, -0.0200758, -0.0304273, -0.0830266, 0.0431283, -0.0106905, 0.485653, 0.0183059, 0.114002,
    0.0435815, -0.0238757, -0.024437, -0.000727541, 0.00293541, 0.0695268, 0.0183059, 0.600998, 0.0237098,
    0.00353094, -0.0532592, -0.00127278, -0.0492462, 0.0182625, 0.0404464, 0.114002, 0.0237098, 0.687065
};

static const ClassicDescMod yaw00_lev2_p01_classic(9, yaw00_lev2_p01_prof, yaw00_cov_lev2_p01);

} // namespace stasm
#endif // STASM_YAW00_LEV2_P01_CLASSIC_MH
