// yaw00_lev3_p08_classic.mh: machine generated classical descriptor matcher
//
// Command: tasm -d tasmout_muct77 ../tasm/shapes/muct77.shape 0 0 [abde]

#ifndef STASM_YAW00_LEV3_P08_CLASSIC_MH
#define STASM_YAW00_LEV3_P08_CLASSIC_MH

namespace stasm {

// static const int EYEMOUTH_DIST = 100;
// static const double PYR_RATIO = 2;

static const double yaw00_lev3_p08_prof[9] = // mean profile
{
    0.259521, 0.179631, -0.375692, -0.693996, -0.596217, 0.143751, -0.0243087, 0.114379, 0.222658
};
static const double yaw00_cov_lev3_p08[9*9] = // covariance matrix
{
    0.349799, 0.121578, 0.138994, 0.0172605, 0.0255911, 0.0365991, 0.030726, 0.0242984, 0.00625578,
    0.121578, 0.670064, 0.119733, 0.0885418, 0.0323316, 0.0736295, 0.0369725, 0.013106, -0.00388631,
    0.138994, 0.119733, 1.26222, 0.21292, 0.070701, 0.0840839, 0.0219402, -0.0134391, -0.0334527,
    0.0172605, 0.0885418, 0.21292, 1.68167, 0.0615313, 0.0155304, 0.00294253, -0.0523741, -0.0703182,
    0.0255911, 0.0323316, 0.070701, 0.0615313, 0.391726, 0.00755535, 0.0359606, 0.0148045, 0.0103649,
    0.0365991, 0.0736295, 0.0840839, 0.0155304, 0.00755535, 0.452388, 0.0557064, 0.0757663, 0.0542165,
    0.030726, 0.0369725, 0.0219402, 0.00294253, 0.0359606, 0.0557064, 0.559719, 0.0491957, 0.084187,
    0.0242984, 0.013106, -0.0134391, -0.0523741, 0.0148045, 0.0757663, 0.0491957, 0.557589, 0.0546112,
    0.00625578, -0.00388631, -0.0334527, -0.0703182, 0.0103649, 0.0542165, 0.084187, 0.0546112, 0.600067
};

static const ClassicDescMod yaw00_lev3_p08_classic(9, yaw00_lev3_p08_prof, yaw00_cov_lev3_p08);

} // namespace stasm
#endif // STASM_YAW00_LEV3_P08_CLASSIC_MH
