// yaw00_lev3_p65_classic.mh: machine generated classical descriptor matcher
//
// Command: tasm -d tasmout_muct77 ../tasm/shapes/muct77.shape 0 0 [abde]

#ifndef STASM_YAW00_LEV3_P65_CLASSIC_MH
#define STASM_YAW00_LEV3_P65_CLASSIC_MH

namespace stasm {

// static const int EYEMOUTH_DIST = 100;
// static const double PYR_RATIO = 2;

static const double yaw00_lev3_p65_prof[9] = // mean profile
{
    0.381424, 0.367286, 0.401402, -0.155404, -0.76682, -0.754358, -0.00712928, 0.499299, 0.274859
};
static const double yaw00_cov_lev3_p65[9*9] = // covariance matrix
{
    0.765767, 0.0308825, 0.046104, 0.0219778, 0.0726952, 0.0685875, 0.0609869, 0.0292016, 0.0222448,
    0.0308825, 1.0468, 0.00454962, 0.0262218, 0.0245504, 0.0449908, 0.0314823, 0.0173167, 0.00678605,
    0.046104, 0.00454962, 1.39982, 0.0857729, 0.154072, 0.126965, 0.0741553, 0.0235946, 0.00614633,
    0.0219778, 0.0262218, 0.0857729, 1.05084, 0.239541, 0.222648, 0.129788, -0.0013864, -0.0511303,
    0.0726952, 0.0245504, 0.154072, 0.239541, 0.9257, 0.26329, 0.17605, 0.0371874, -0.00108797,
    0.0685875, 0.0449908, 0.126965, 0.222648, 0.26329, 0.646363, 0.204464, 0.0976752, 0.0547335,
    0.0609869, 0.0314823, 0.0741553, 0.129788, 0.17605, 0.204464, 0.514962, 0.0862069, 0.0727214,
    0.0292016, 0.0173167, 0.0235946, -0.0013864, 0.0371874, 0.0976752, 0.0862069, 0.465092, 0.0459287,
    0.0222448, 0.00678605, 0.00614633, -0.0511303, -0.00108797, 0.0547335, 0.0727214, 0.0459287, 0.516628
};

static const ClassicDescMod yaw00_lev3_p65_classic(9, yaw00_lev3_p65_prof, yaw00_cov_lev3_p65);

} // namespace stasm
#endif // STASM_YAW00_LEV3_P65_CLASSIC_MH
