// yaw00_lev2_p14_classic.mh: machine generated classical descriptor matcher
//
// Command: tasm -d tasmout_muct77 ../tasm/shapes/muct77.shape 0 0 [abde]

#ifndef STASM_YAW00_LEV2_P14_CLASSIC_MH
#define STASM_YAW00_LEV2_P14_CLASSIC_MH

namespace stasm {

// static const int EYEMOUTH_DIST = 100;
// static const double PYR_RATIO = 2;

static const double yaw00_lev2_p14_prof[9] = // mean profile
{
    -0.538947, -0.584126, -0.69409, -0.809385, -0.894642, -0.901966, -0.924832, -0.874156, -0.764294
};
static const double yaw00_cov_lev2_p14[9*9] = // covariance matrix
{
    0.91087, -0.124855, -0.00473101, 0.0988522, 0.0611915, 0.0800954, 0.0808867, 0.0724997, 0.0664432,
    -0.124855, 1.2128, -0.237196, 0.0321223, 0.09566, 0.0618823, 0.0787009, 0.0471439, 0.0679791,
    -0.00473101, -0.237196, 1.40223, -0.24054, 0.0570058, 0.0497449, 0.0921371, 0.0494686, 0.0762662,
    0.0988522, 0.0321223, -0.24054, 1.25355, -0.26255, 0.0397484, 0.073661, 0.101531, 0.0542297,
    0.0611915, 0.09566, 0.0570058, -0.26255, 1.10204, -0.24007, 0.0337726, 0.0483303, 0.0808993,
    0.0800954, 0.0618823, 0.0497449, 0.0397484, -0.24007, 0.935505, -0.222036, -0.00896758, 0.040343,
    0.0808867, 0.0787009, 0.0921371, 0.073661, 0.0337726, -0.222036, 0.898048, -0.227227, 0.0162079,
    0.0724997, 0.0471439, 0.0494686, 0.101531, 0.0483303, -0.00896758, -0.227227, 0.774754, -0.205039,
    0.0664432, 0.0679791, 0.0762662, 0.0542297, 0.0808993, 0.040343, 0.0162079, -0.205039, 0.568242
};

static const ClassicDescMod yaw00_lev2_p14_classic(9, yaw00_lev2_p14_prof, yaw00_cov_lev2_p14);

} // namespace stasm
#endif // STASM_YAW00_LEV2_P14_CLASSIC_MH
