// yaw00_lev0_p12_classic.mh: machine generated classical descriptor matcher
//
// Command: tasm -d tasmout_muct77 ../tasm/shapes/muct77.shape 0 0 [abde]

#ifndef STASM_YAW00_LEV0_P12_CLASSIC_MH
#define STASM_YAW00_LEV0_P12_CLASSIC_MH

namespace stasm {

// static const int EYEMOUTH_DIST = 100;
// static const double PYR_RATIO = 2;

static const double yaw00_lev0_p12_prof[9] = // mean profile
{
    -0.402687, -0.5018, -0.668842, -0.933603, -1.16178, -1.1907, -0.800614, -0.371153, -0.0808197
};
static const double yaw00_cov_lev0_p12[9*9] = // covariance matrix
{
    2.08951, -0.620353, -0.126572, 0.0154412, 0.076907, 0.0592731, 0.0219959, 0.0177889, -0.01753,
    -0.620353, 2.22242, -0.708008, -0.0460801, 0.0437503, 0.079853, -0.000553472, -0.0140001, -0.0208272,
    -0.126572, -0.708008, 2.27062, -0.624189, -0.0600019, 0.0949614, 0.0295255, 0.0369616, -0.0316078,
    0.0154412, -0.0460801, -0.624189, 1.62682, -0.464187, 0.00135754, 0.0895288, -0.00122051, -0.00763131,
    0.076907, 0.0437503, -0.0600019, -0.464187, 1.11518, -0.351089, 0.0175972, 0.0271892, 0.0130401,
    0.0592731, 0.079853, 0.0949614, 0.00135754, -0.351089, 0.817534, -0.336362, 0.0382589, 0.0174228,
    0.0219959, -0.000553472, 0.0295255, 0.0895288, 0.0175972, -0.336362, 0.860484, -0.38298, 0.045149,
    0.0177889, -0.0140001, 0.0369616, -0.00122051, 0.0271892, 0.0382589, -0.38298, 0.98433, -0.397059,
    -0.01753, -0.0208272, -0.0316078, -0.00763131, 0.0130401, 0.0174228, 0.045149, -0.397059, 0.961844
};

static const ClassicDescMod yaw00_lev0_p12_classic(9, yaw00_lev0_p12_prof, yaw00_cov_lev0_p12);

} // namespace stasm
#endif // STASM_YAW00_LEV0_P12_CLASSIC_MH
