// yaw00_lev3_p00_classic.mh: machine generated classical descriptor matcher
//
// Command: tasm -d tasmout_muct77 ../tasm/shapes/muct77.shape 0 0 [abde]

#ifndef STASM_YAW00_LEV3_P00_CLASSIC_MH
#define STASM_YAW00_LEV3_P00_CLASSIC_MH

namespace stasm {

// static const int EYEMOUTH_DIST = 100;
// static const double PYR_RATIO = 2;

static const double yaw00_lev3_p00_prof[9] = // mean profile
{
    -0.345432, -0.371975, -0.411998, -0.375436, 1.69631, 1.14955, 0.96693, 0.823138, 0.366817
};
static const double yaw00_cov_lev3_p00[9*9] = // covariance matrix
{
    1.50614, 0.0692203, 0.200607, 0.184074, 0.107395, 0.0200706, -0.0568533, -0.091105, -0.0588025,
    0.0692203, 1.04329, 0.109133, 0.159984, 0.0762832, -0.0411814, -0.0834422, -0.0650494, -0.0547925,
    0.200607, 0.109133, 0.780897, 0.139937, 0.0598094, -0.0751323, -0.100739, -0.0683891, -0.0630617,
    0.184074, 0.159984, 0.139937, 0.528109, 0.046558, -0.0568375, -0.0363799, -0.0297075, -0.0528454,
    0.107395, 0.0762832, 0.0598094, 0.046558, 0.385013, 0.168855, 0.235243, 0.194863, 0.0275826,
    0.0200706, -0.0411814, -0.0751323, -0.0568375, 0.168855, 1.02589, 0.205935, 0.19157, 0.0655434,
    -0.0568533, -0.0834422, -0.100739, -0.0363799, 0.235243, 0.205935, 1.60429, 0.0177563, 0.157082,
    -0.091105, -0.0650494, -0.0683891, -0.0297075, 0.194863, 0.19157, 0.0177563, 2.07855, -0.192864,
    -0.0588025, -0.0547925, -0.0630617, -0.0528454, 0.0275826, 0.0655434, 0.157082, -0.192864, 1.67633
};

static const ClassicDescMod yaw00_lev3_p00_classic(9, yaw00_lev3_p00_prof, yaw00_cov_lev3_p00);

} // namespace stasm
#endif // STASM_YAW00_LEV3_P00_CLASSIC_MH
