// yaw00_lev2_p10_classic.mh: machine generated classical descriptor matcher
//
// Command: tasm -d tasmout_muct77 ../tasm/shapes/muct77.shape 0 0 [abde]

#ifndef STASM_YAW00_LEV2_P10_CLASSIC_MH
#define STASM_YAW00_LEV2_P10_CLASSIC_MH

namespace stasm {

// static const int EYEMOUTH_DIST = 100;
// static const double PYR_RATIO = 2;

static const double yaw00_lev2_p10_prof[9] = // mean profile
{
    -0.668015, -0.683909, -0.707496, -0.887706, -0.851817, 0.197729, 0.178257, 0.0672939, -0.0126572
};
static const double yaw00_cov_lev2_p10[9*9] = // covariance matrix
{
    2.42415, -0.785508, -0.0165211, 0.00672721, 0.0671144, 0.0237429, 0.0141615, 0.0157655, 0.0602808,
    -0.785508, 2.82527, -0.66069, 0.0785854, 0.0535112, 0.010184, -0.0104326, -0.0136463, 0.00858465,
    -0.0165211, -0.66069, 2.56177, -0.381343, 0.0900306, 0.0143258, -0.0219776, 0.00229464, 0.00367984,
    0.00672721, 0.0785854, -0.381343, 1.44855, -0.074676, 0.0572056, -0.0096524, -0.00128073, 0.0266832,
    0.0671144, 0.0535112, 0.0900306, -0.074676, 0.227486, -0.0397952, 0.0336684, 0.0186407, 0.0314148,
    0.0237429, 0.010184, 0.0143258, 0.0572056, -0.0397952, 0.324336, 0.0163779, 0.0682228, 0.0570408,
    0.0141615, -0.0104326, -0.0219776, -0.0096524, 0.0336684, 0.0163779, 0.547296, 0.00917705, 0.0951802,
    0.0157655, -0.0136463, 0.00229464, -0.00128073, 0.0186407, 0.0682228, 0.00917705, 0.687351, 0.0170073,
    0.0602808, 0.00858465, 0.00367984, 0.0266832, 0.0314148, 0.0570408, 0.0951802, 0.0170073, 0.756001
};

static const ClassicDescMod yaw00_lev2_p10_classic(9, yaw00_lev2_p10_prof, yaw00_cov_lev2_p10);

} // namespace stasm
#endif // STASM_YAW00_LEV2_P10_CLASSIC_MH
