// yaw00_lev1_p09_classic.mh: machine generated classical descriptor matcher
//
// Command: tasm -d tasmout_muct77 ../tasm/shapes/muct77.shape 0 0 [abde]

#ifndef STASM_YAW00_LEV1_P09_CLASSIC_MH
#define STASM_YAW00_LEV1_P09_CLASSIC_MH

namespace stasm {

// static const int EYEMOUTH_DIST = 100;
// static const double PYR_RATIO = 2;

static const double yaw00_lev1_p09_prof[9] = // mean profile
{
    -0.366296, -0.406942, -0.514321, -0.776279, -0.776274, -0.17735, 0.109455, 0.0501863, 0.0136237
};
static const double yaw00_cov_lev1_p09[9*9] = // covariance matrix
{
    2.07296, -0.56219, -0.0033027, 0.021281, -0.00127665, 0.0205687, 0.0143307, 0.00726389, -0.00808642,
    -0.56219, 2.59074, -0.557883, 0.0012277, 0.00132404, 0.0130305, 0.0229414, 0.00337602, 0.00357021,
    -0.0033027, -0.557883, 2.54388, -0.463561, 0.0579328, 0.00250388, -0.00196852, -0.00029246, 0.00200375,
    0.021281, 0.0012277, -0.463561, 1.4133, -0.319682, 0.127061, -0.0478078, 0.017733, -0.0202619,
    -0.00127665, 0.00132404, 0.0579328, -0.319682, 0.365032, -0.189831, 0.0849664, -0.0269454, 0.0108492,
    0.0205687, 0.0130305, 0.00250388, 0.127061, -0.189831, 0.335741, -0.173314, 0.0752424, 0.0118049,
    0.0143307, 0.0229414, -0.00196852, -0.0478078, 0.0849664, -0.173314, 0.610093, -0.219496, 0.0856746,
    0.00726389, 0.00337602, -0.00029246, 0.017733, -0.0269454, 0.0752424, -0.219496, 0.764333, -0.199363,
    -0.00808642, 0.00357021, 0.00200375, -0.0202619, 0.0108492, 0.0118049, 0.0856746, -0.199363, 0.699223
};

static const ClassicDescMod yaw00_lev1_p09_classic(9, yaw00_lev1_p09_prof, yaw00_cov_lev1_p09);

} // namespace stasm
#endif // STASM_YAW00_LEV1_P09_CLASSIC_MH
