// yaw00_lev3_p02_classic.mh: machine generated classical descriptor matcher
//
// Command: tasm -d tasmout_muct77 ../tasm/shapes/muct77.shape 0 0 [abde]

#ifndef STASM_YAW00_LEV3_P02_CLASSIC_MH
#define STASM_YAW00_LEV3_P02_CLASSIC_MH

namespace stasm {

// static const int EYEMOUTH_DIST = 100;
// static const double PYR_RATIO = 2;

static const double yaw00_lev3_p02_prof[9] = // mean profile
{
    0.14294, -0.285305, -0.679604, -0.853367, -1.09312, -0.485202, 0.188824, -0.0445612, -0.0258075
};
static const double yaw00_cov_lev3_p02[9*9] = // covariance matrix
{
    0.626082, -0.0966818, 0.108145, 0.112052, 0.0379583, 0.0169466, 0.0117471, -0.0110958, -0.00999257,
    -0.0966818, 0.837474, -0.222934, 0.155594, 0.0173123, 0.016494, 0.0165475, -0.00551825, -0.0179125,
    0.108145, -0.222934, 1.3578, -0.244, 0.0418035, 0.0423761, 0.0107244, 0.0204899, 0.0201752,
    0.112052, 0.155594, -0.244, 2.07188, 0.0143615, 0.110011, 0.0239845, 0.0564975, 0.0855562,
    0.0379583, 0.0173123, 0.0418035, 0.0143615, 0.983927, 0.0348058, 0.0359127, 0.0867474, 0.110717,
    0.0169466, 0.016494, 0.0423761, 0.110011, 0.0348058, 0.250033, 0.0817612, 0.0919171, 0.106391,
    0.0117471, 0.0165475, 0.0107244, 0.0239845, 0.0359127, 0.0817612, 0.592734, 0.141011, 0.11501,
    -0.0110958, -0.00551825, 0.0204899, 0.0564975, 0.0867474, 0.0919171, 0.141011, 0.748932, 0.139829,
    -0.00999257, -0.0179125, 0.0201752, 0.0855562, 0.110717, 0.106391, 0.11501, 0.139829, 1.03535
};

static const ClassicDescMod yaw00_lev3_p02_classic(9, yaw00_lev3_p02_prof, yaw00_cov_lev3_p02);

} // namespace stasm
#endif // STASM_YAW00_LEV3_P02_CLASSIC_MH
