// yaw00_lev3_p58_classic.mh: machine generated classical descriptor matcher
//
// Command: tasm -d tasmout_muct77 ../tasm/shapes/muct77.shape 0 0 [abde]

#ifndef STASM_YAW00_LEV3_P58_CLASSIC_MH
#define STASM_YAW00_LEV3_P58_CLASSIC_MH

namespace stasm {

// static const int EYEMOUTH_DIST = 100;
// static const double PYR_RATIO = 2;

static const double yaw00_lev3_p58_prof[9] = // mean profile
{
    0.608656, 0.624339, -0.591123, -0.916758, -0.218301, 0.296869, 0.831771, 0.205186, -0.364833
};
static const double yaw00_cov_lev3_p58[9*9] = // covariance matrix
{
    0.900544, 0.0975721, 0.265346, 0.138429, 0.168413, 0.0471492, 0.0233717, 0.0646255, -0.140821,
    0.0975721, 0.810691, -0.0109407, 0.215509, 0.196606, 0.211368, 0.149075, 0.109658, 0.0118957,
    0.265346, -0.0109407, 1.01161, 0.486877, 0.445331, 0.224434, 0.0542656, -0.00944064, -0.108882,
    0.138429, 0.215509, 0.486877, 0.941727, 0.517589, 0.200445, 0.0431162, 0.0581515, -0.158421,
    0.168413, 0.196606, 0.445331, 0.517589, 0.891119, 0.314391, 0.18261, 0.165999, -0.0927754,
    0.0471492, 0.211368, 0.224434, 0.200445, 0.314391, 1.10628, 0.619283, 0.649026, 0.400248,
    0.0233717, 0.149075, 0.0542656, 0.0431162, 0.18261, 0.619283, 1.40979, 0.567896, 0.425706,
    0.0646255, 0.109658, -0.00944064, 0.0581515, 0.165999, 0.649026, 0.567896, 2.0523, -0.077423,
    -0.140821, 0.0118957, -0.108882, -0.158421, -0.0927754, 0.400248, 0.425706, -0.077423, 2.70154
};

static const ClassicDescMod yaw00_lev3_p58_classic(9, yaw00_lev3_p58_prof, yaw00_cov_lev3_p58);

} // namespace stasm
#endif // STASM_YAW00_LEV3_P58_CLASSIC_MH
