// yaw00_lev0_p13_classic.mh: machine generated classical descriptor matcher
//
// Command: tasm -d tasmout_muct77 ../tasm/shapes/muct77.shape 0 0 [abde]

#ifndef STASM_YAW00_LEV0_P13_CLASSIC_MH
#define STASM_YAW00_LEV0_P13_CLASSIC_MH

namespace stasm {

// static const int EYEMOUTH_DIST = 100;
// static const double PYR_RATIO = 2;

static const double yaw00_lev0_p13_prof[9] = // mean profile
{
    -0.613716, -0.621892, -0.625082, -0.587618, -0.576477, -0.588292, -0.609036, -0.593406, -0.573849
};
static const double yaw00_cov_lev0_p13[9*9] = // covariance matrix
{
    0.662087, -0.151577, -0.000729306, -0.0160894, -0.0104727, 0.0106981, 0.0158818, 0.0154594, 0.018382,
    -0.151577, 0.855103, -0.16697, 0.0335349, -0.0176967, -0.0181486, 0.00347724, -0.0130508, 0.00664655,
    -0.000729306, -0.16697, 0.937243, -0.148802, 0.00448409, -0.010592, -0.0275475, 0.00120172, -0.00814084,
    -0.0160894, 0.0335349, -0.148802, 0.926173, -0.172227, 0.0182944, -0.0032105, -0.00998609, -0.025427,
    -0.0104727, -0.0176967, 0.00448409, -0.172227, 0.988397, -0.167672, 0.00253163, -0.0386264, -0.0277988,
    0.0106981, -0.0181486, -0.010592, 0.0182944, -0.167672, 0.932938, -0.182559, 0.0103949, -0.0470892,
    0.0158818, 0.00347724, -0.0275475, -0.0032105, 0.00253163, -0.182559, 0.811075, -0.174106, -0.00583256,
    0.0154594, -0.0130508, 0.00120172, -0.00998609, -0.0386264, 0.0103949, -0.174106, 0.775964, -0.193065,
    0.018382, 0.00664655, -0.00814084, -0.025427, -0.0277988, -0.0470892, -0.00583256, -0.193065, 0.638883
};

static const ClassicDescMod yaw00_lev0_p13_classic(9, yaw00_lev0_p13_prof, yaw00_cov_lev0_p13);

} // namespace stasm
#endif // STASM_YAW00_LEV0_P13_CLASSIC_MH
