// yaw00_lev3_p03_classic.mh: machine generated classical descriptor matcher
//
// Command: tasm -d tasmout_muct77 ../tasm/shapes/muct77.shape 0 0 [abde]

#ifndef STASM_YAW00_LEV3_P03_CLASSIC_MH
#define STASM_YAW00_LEV3_P03_CLASSIC_MH

namespace stasm {

// static const int EYEMOUTH_DIST = 100;
// static const double PYR_RATIO = 2;

static const double yaw00_lev3_p03_prof[9] = // mean profile
{
    -0.0634157, 0.00510222, -0.0648481, -0.477477, -0.989241, -0.506719, 0.0532817, 0.0956968, 0.115169
};
static const double yaw00_cov_lev3_p03[9*9] = // covariance matrix
{
    0.544117, 0.032987, 0.151262, 0.0910053, 0.00011044, 0.000577126, -0.000732418, 0.00911758, 0.00445067,
    0.032987, 0.561429, 0.0473374, 0.14971, -0.0148477, -0.00196911, -0.0130165, -0.0120582, -0.00778917,
    0.151262, 0.0473374, 0.737065, 0.109513, -0.0334729, -0.000647103, -0.01463, -0.00567592, 0.00228951,
    0.0910053, 0.14971, 0.109513, 1.32299, -0.0332567, 0.00693898, -0.0214544, -0.0332278, -0.0266479,
    0.00011044, -0.0148477, -0.0334729, -0.0332567, 0.650607, -0.0244546, 0.0170394, 0.0225609, 0.034367,
    0.000577126, -0.00196911, -0.000647103, 0.00693898, -0.0244546, 0.214781, 0.0650606, 0.0843587, 0.0960422,
    -0.000732418, -0.0130165, -0.01463, -0.0214544, 0.0170394, 0.0650606, 0.570157, 0.122218, 0.11526,
    0.00911758, -0.0120582, -0.00567592, -0.0332278, 0.0225609, 0.0843587, 0.122218, 0.854787, 0.111462,
    0.00445067, -0.00778917, 0.00228951, -0.0266479, 0.034367, 0.0960422, 0.11526, 0.111462, 1.24494
};

static const ClassicDescMod yaw00_lev3_p03_classic(9, yaw00_lev3_p03_prof, yaw00_cov_lev3_p03);

} // namespace stasm
#endif // STASM_YAW00_LEV3_P03_CLASSIC_MH
