// yaw00_lev0_p09_classic.mh: machine generated classical descriptor matcher
//
// Command: tasm -d tasmout_muct77 ../tasm/shapes/muct77.shape 0 0 [abde]

#ifndef STASM_YAW00_LEV0_P09_CLASSIC_MH
#define STASM_YAW00_LEV0_P09_CLASSIC_MH

namespace stasm {

// static const int EYEMOUTH_DIST = 100;
// static const double PYR_RATIO = 2;

static const double yaw00_lev0_p09_prof[9] = // mean profile
{
    -0.337442, -0.405623, -0.519556, -0.613908, -0.611366, -0.400496, -0.102637, 0.069898, 0.109904
};
static const double yaw00_cov_lev0_p09[9*9] = // covariance matrix
{
    2.40361, -0.485187, -0.0352609, -0.0377505, -0.00978992, 0.0200405, 0.00696141, -0.00395215, 0.00393711,
    -0.485187, 2.28822, -0.409976, -0.0591515, 0.026974, -0.0197711, 0.0334258, 0.00370838, -0.00543532,
    -0.0352609, -0.409976, 2.01179, -0.380495, -0.0652222, 0.0400088, 0.00789734, -0.00241572, 0.00217595,
    -0.0377505, -0.0591515, -0.380495, 1.47066, -0.410494, -0.0248019, 0.0697115, -0.0208355, -0.0075877,
    -0.00978992, 0.026974, -0.0652222, -0.410494, 0.788781, -0.34239, 0.0367148, 0.0261232, -0.00790302,
    0.0200405, -0.0197711, 0.0400088, -0.0248019, -0.34239, 0.565549, -0.296321, 0.0379284, 0.0187987,
    0.00696141, 0.0334258, 0.00789734, 0.0697115, 0.0367148, -0.296321, 0.638223, -0.315624, 0.0574417,
    -0.00395215, 0.00370838, -0.00241572, -0.0208355, 0.0261232, 0.0379284, -0.315624, 0.802987, -0.337868,
    0.00393711, -0.00543532, 0.00217595, -0.0075877, -0.00790302, 0.0187987, 0.0574417, -0.337868, 0.747011
};

static const ClassicDescMod yaw00_lev0_p09_classic(9, yaw00_lev0_p09_prof, yaw00_cov_lev0_p09);

} // namespace stasm
#endif // STASM_YAW00_LEV0_P09_CLASSIC_MH
