// yaw00_lev1_p02_classic.mh: machine generated classical descriptor matcher
//
// Command: tasm -d tasmout_muct77 ../tasm/shapes/muct77.shape 0 0 [abde]

#ifndef STASM_YAW00_LEV1_P02_CLASSIC_MH
#define STASM_YAW00_LEV1_P02_CLASSIC_MH

namespace stasm {

// static const int EYEMOUTH_DIST = 100;
// static const double PYR_RATIO = 2;

static const double yaw00_lev1_p02_prof[9] = // mean profile
{
    -0.53488, -0.532549, -0.595776, -0.738413, -0.846135, -0.341912, 0.268711, 0.283867, 0.141617
};
static const double yaw00_cov_lev1_p02[9*9] = // covariance matrix
{
    2.81805, -0.903568, 0.0464165, 0.0648975, 0.0456752, 0.0514262, 0.00523581, -0.028054, 0.0138475,
    -0.903568, 3.39731, -0.941949, 0.174919, 0.0142371, 0.0556495, -0.0129787, -0.00930197, -0.0123798,
    0.0464165, -0.941949, 3.03509, -0.781522, 0.153828, 0.00235206, 0.0174814, 0.00367427, 0.0249712,
    0.0648975, 0.174919, -0.781522, 2.06774, -0.534175, 0.189854, -0.0724477, 0.000474952, -0.00864339,
    0.0456752, 0.0142371, 0.153828, -0.534175, 0.712073, -0.302605, 0.152532, -0.057269, 0.0277331,
    0.0514262, 0.0556495, 0.00235206, 0.189854, -0.302605, 0.434481, -0.236774, 0.111713, -0.0128295,
    0.00523581, -0.0129787, 0.0174814, -0.0724477, 0.152532, -0.236774, 0.558961, -0.228046, 0.116249,
    -0.028054, -0.00930197, 0.00367427, 0.000474952, -0.057269, 0.111713, -0.228046, 0.679042, -0.181023,
    0.0138475, -0.0123798, 0.0249712, -0.00864339, 0.0277331, -0.0128295, 0.116249, -0.181023, 0.656263
};

static const ClassicDescMod yaw00_lev1_p02_classic(9, yaw00_lev1_p02_prof, yaw00_cov_lev1_p02);

} // namespace stasm
#endif // STASM_YAW00_LEV1_P02_CLASSIC_MH
