// yaw00_lev3_p34_classic.mh: machine generated classical descriptor matcher
//
// Command: tasm -d tasmout_muct77 ../tasm/shapes/muct77.shape 0 0 [abde]

#ifndef STASM_YAW00_LEV3_P34_CLASSIC_MH
#define STASM_YAW00_LEV3_P34_CLASSIC_MH

namespace stasm {

// static const int EYEMOUTH_DIST = 100;
// static const double PYR_RATIO = 2;

static const double yaw00_lev3_p34_prof[9] = // mean profile
{
    -0.842709, -0.362648, -0.624879, -0.227696, 0.666811, 0.401824, 0.667667, 0.0615707, -0.506814
};
static const double yaw00_cov_lev3_p34[9*9] = // covariance matrix
{
    1.00695, 0.417, 0.487541, 0.244479, 0.260278, 0.214117, 0.128021, 0.0612138, 0.103476,
    0.417, 1.20423, 0.779278, 0.509995, 0.538118, 0.44137, 0.284957, 0.0503802, 0.0837734,
    0.487541, 0.779278, 1.3306, 0.674397, 0.687905, 0.597841, 0.38883, 0.0633033, 0.0780141,
    0.244479, 0.509995, 0.674397, 0.931642, 0.602239, 0.453086, 0.344356, 0.0853305, 0.0859513,
    0.260278, 0.538118, 0.687905, 0.602239, 1.23002, 0.587814, 0.419799, 0.0177608, 0.0613798,
    0.214117, 0.44137, 0.597841, 0.453086, 0.587814, 1.24982, 0.485825, 0.19859, 0.106217,
    0.128021, 0.284957, 0.38883, 0.344356, 0.419799, 0.485825, 1.3412, 0.0876257, 0.157336,
    0.0612138, 0.0503802, 0.0633033, 0.0853305, 0.0177608, 0.19859, 0.0876257, 1.04583, 0.047235,
    0.103476, 0.0837734, 0.0780141, 0.0859513, 0.0613798, 0.106217, 0.157336, 0.047235, 0.840261
};

static const ClassicDescMod yaw00_lev3_p34_classic(9, yaw00_lev3_p34_prof, yaw00_cov_lev3_p34);

} // namespace stasm
#endif // STASM_YAW00_LEV3_P34_CLASSIC_MH
