// yaw00_lev3_p06_classic.mh: machine generated classical descriptor matcher
//
// Command: tasm -d tasmout_muct77 ../tasm/shapes/muct77.shape 0 0 [abde]

#ifndef STASM_YAW00_LEV3_P06_CLASSIC_MH
#define STASM_YAW00_LEV3_P06_CLASSIC_MH

namespace stasm {

// static const int EYEMOUTH_DIST = 100;
// static const double PYR_RATIO = 2;

static const double yaw00_lev3_p06_prof[9] = // mean profile
{
    0.464655, -0.00499324, -0.963246, -1.65035, -0.508625, 0.774551, 0.462293, 0.404425, 0.305868
};
static const double yaw00_cov_lev3_p06[9*9] = // covariance matrix
{
    0.636358, 0.074594, 0.181657, 0.112426, 0.0994167, 0.0670761, 0.0543123, 0.0774082, 0.104156,
    0.074594, 0.849016, -0.202053, 0.17819, 0.149434, 0.0923046, 0.130713, 0.175646, 0.157896,
    0.181657, -0.202053, 1.55115, -0.0689369, 0.285347, 0.110079, 0.132721, 0.154287, 0.174372,
    0.112426, 0.17819, -0.0689369, 1.76531, 0.187417, -0.122497, -0.0960064, -0.121743, -0.0861524,
    0.0994167, 0.149434, 0.285347, 0.187417, 0.755037, 0.274434, 0.19533, 0.167126, 0.126386,
    0.0670761, 0.0923046, 0.110079, -0.122497, 0.274434, 1.29254, 0.320175, 0.465593, 0.337339,
    0.0543123, 0.130713, 0.132721, -0.0960064, 0.19533, 0.320175, 1.41861, 0.100613, 0.390298,
    0.0774082, 0.175646, 0.154287, -0.121743, 0.167126, 0.465593, 0.100613, 1.74763, 0.0377766,
    0.104156, 0.157896, 0.174372, -0.0861524, 0.126386, 0.337339, 0.390298, 0.0377766, 1.70888
};

static const ClassicDescMod yaw00_lev3_p06_classic(9, yaw00_lev3_p06_prof, yaw00_cov_lev3_p06);

} // namespace stasm
#endif // STASM_YAW00_LEV3_P06_CLASSIC_MH
