// yaw00_lev3_p07_classic.mh: machine generated classical descriptor matcher
//
// Command: tasm -d tasmout_muct77 ../tasm/shapes/muct77.shape 0 0 [abde]

#ifndef STASM_YAW00_LEV3_P07_CLASSIC_MH
#define STASM_YAW00_LEV3_P07_CLASSIC_MH

namespace stasm {

// static const int EYEMOUTH_DIST = 100;
// static const double PYR_RATIO = 2;

static const double yaw00_lev3_p07_prof[9] = // mean profile
{
    0.260343, 0.0439173, -0.798206, -1.62108, -0.271613, 0.572469, 0.384637, 0.299271, 0.256526
};
static const double yaw00_cov_lev3_p07[9*9] = // covariance matrix
{
    0.617039, 0.142083, 0.137308, 0.147787, 0.0976516, 0.0402825, 0.0378337, 0.0281959, 0.0391953,
    0.142083, 0.802642, 0.00860427, 0.24262, 0.145384, 0.0849315, 0.105626, 0.0865204, 0.056975,
    0.137308, 0.00860427, 0.910146, 0.146384, 0.241094, 0.116483, 0.130232, 0.104773, 0.0568941,
    0.147787, 0.24262, 0.146384, 1.27586, 0.230513, 0.0797318, 0.0273777, -0.0103662, -0.0546249,
    0.0976516, 0.145384, 0.241094, 0.230513, 0.807984, 0.147185, 0.140915, 0.0824662, 0.0292821,
    0.0402825, 0.0849315, 0.116483, 0.0797318, 0.147185, 1.00218, 0.0799655, 0.174588, 0.124411,
    0.0378337, 0.105626, 0.130232, 0.0273777, 0.140915, 0.0799655, 1.10721, 0.0172492, 0.121774,
    0.0281959, 0.0865204, 0.104773, -0.0103662, 0.0824662, 0.174588, 0.0172492, 0.971799, 0.0398482,
    0.0391953, 0.056975, 0.0568941, -0.0546249, 0.0292821, 0.124411, 0.121774, 0.0398482, 0.859338
};

static const ClassicDescMod yaw00_lev3_p07_classic(9, yaw00_lev3_p07_prof, yaw00_cov_lev3_p07);

} // namespace stasm
#endif // STASM_YAW00_LEV3_P07_CLASSIC_MH
