// yaw00_lev1_p08_classic.mh: machine generated classical descriptor matcher
//
// Command: tasm -d tasmout_muct77 ../tasm/shapes/muct77.shape 0 0 [abde]

#ifndef STASM_YAW00_LEV1_P08_CLASSIC_MH
#define STASM_YAW00_LEV1_P08_CLASSIC_MH

namespace stasm {

// static const int EYEMOUTH_DIST = 100;
// static const double PYR_RATIO = 2;

static const double yaw00_lev1_p08_prof[9] = // mean profile
{
    -0.450301, -0.478023, -0.513529, -0.693094, -0.733703, -0.0682215, 0.243598, 0.174817, 0.0776113
};
static const double yaw00_cov_lev1_p08[9*9] = // covariance matrix
{
    1.34811, -0.268735, 0.057561, 0.0809264, 0.0262863, 0.0278147, -0.00734216, 0.0102677, -0.0121432,
    -0.268735, 1.55343, -0.281658, 0.0478004, 0.0160628, 0.0153209, 0.00571587, 0.00913178, 0.00398301,
    0.057561, -0.281658, 1.61214, -0.272924, 0.0262064, 0.0167561, 0.0152794, 0.00503597, -0.00245765,
    0.0809264, 0.0478004, -0.272924, 1.38756, -0.204741, 0.0766301, -0.0203376, 0.012413, 0.00412123,
    0.0262863, 0.0160628, 0.0262064, -0.204741, 0.587224, -0.16124, 0.057727, -0.00960331, -0.00417761,
    0.0278147, 0.0153209, 0.0167561, 0.0766301, -0.16124, 0.332713, -0.125304, 0.0453381, 0.0179359,
    -0.00734216, 0.00571587, 0.0152794, -0.0203376, 0.057727, -0.125304, 0.53129, -0.215166, 0.0555701,
    0.0102677, 0.00913178, 0.00503597, 0.012413, -0.00960331, 0.0453381, -0.215166, 0.696478, -0.239232,
    -0.0121432, 0.00398301, -0.00245765, 0.00412123, -0.00417761, 0.0179359, 0.0555701, -0.239232, 0.627615
};

static const ClassicDescMod yaw00_lev1_p08_classic(9, yaw00_lev1_p08_prof, yaw00_cov_lev1_p08);

} // namespace stasm
#endif // STASM_YAW00_LEV1_P08_CLASSIC_MH
