// yaw00_lev2_p09_classic.mh: machine generated classical descriptor matcher
//
// Command: tasm -d tasmout_muct77 ../tasm/shapes/muct77.shape 0 0 [abde]

#ifndef STASM_YAW00_LEV2_P09_CLASSIC_MH
#define STASM_YAW00_LEV2_P09_CLASSIC_MH

namespace stasm {

// static const int EYEMOUTH_DIST = 100;
// static const double PYR_RATIO = 2;

static const double yaw00_lev2_p09_prof[9] = // mean profile
{
    -0.278689, -0.405234, -0.51286, -0.801414, -0.888468, 0.0373611, 0.0484571, 0.00530569, 0.0537753
};
static const double yaw00_cov_lev2_p09[9*9] = // covariance matrix
{
    0.91686, -0.166389, 0.121166, -0.0683587, -0.000204605, 0.0115715, 0.0116678, -0.000246905, 0.00242031,
    -0.166389, 1.30592, -0.183864, 0.0357412, 0.00777495, 0.00975169, 0.00306632, -0.0036224, -0.0124825,
    0.121166, -0.183864, 1.76971, -0.172033, 0.0153351, 0.0182775, -0.0066526, -0.0254308, -0.0145978,
    -0.0683587, 0.0357412, -0.172033, 1.28754, -0.0801552, 0.0324133, -0.0255312, 0.0113781, -0.00750381,
    -0.000204605, 0.00777495, 0.0153351, -0.0801552, 0.156265, -0.0374576, 0.0274567, 0.0246198, 0.0295792,
    0.0115715, 0.00975169, 0.0182775, 0.0324133, -0.0374576, 0.296581, 0.00160149, 0.0510649, 0.0576635,
    0.0116678, 0.00306632, -0.0066526, -0.0255312, 0.0274567, 0.00160149, 0.558359, -0.0107728, 0.0780111,
    -0.000246905, -0.0036224, -0.0254308, 0.0113781, 0.0246198, 0.0510649, -0.0107728, 0.742793, 0.00533313,
    0.00242031, -0.0124825, -0.0145978, -0.00750381, 0.0295792, 0.0576635, 0.0780111, 0.00533313, 0.858096
};

static const ClassicDescMod yaw00_lev2_p09_classic(9, yaw00_lev2_p09_prof, yaw00_cov_lev2_p09);

} // namespace stasm
#endif // STASM_YAW00_LEV2_P09_CLASSIC_MH
