// yaw00_lev3_p15_classic.mh: machine generated classical descriptor matcher
//
// Command: tasm -d tasmout_muct77 ../tasm/shapes/muct77.shape 0 0 [abde]

#ifndef STASM_YAW00_LEV3_P15_CLASSIC_MH
#define STASM_YAW00_LEV3_P15_CLASSIC_MH

namespace stasm {

// static const int EYEMOUTH_DIST = 100;
// static const double PYR_RATIO = 2;

static const double yaw00_lev3_p15_prof[9] = // mean profile
{
    -0.357581, -0.167582, 0.198011, 0.700183, 1.10712, 1.00041, 0.643397, 0.395541, 0.316796
};
static const double yaw00_cov_lev3_p15[9*9] = // covariance matrix
{
    0.559754, -0.0696958, 0.0135596, 0.0284886, 0.0282171, 0.0261778, 0.0354929, 0.0258534, 0.0114565,
    -0.0696958, 0.473658, -0.0733819, 0.016211, 0.024226, 0.0335313, 0.0413493, 0.050442, 0.0219572,
    0.0135596, -0.0733819, 0.410394, -0.0610466, 0.0458777, 0.0467562, 0.0750649, 0.0641751, 0.0397704,
    0.0284886, 0.016211, -0.0610466, 0.371102, -0.0115212, 0.068963, 0.0803901, 0.098372, 0.0536987,
    0.0282171, 0.024226, 0.0458777, -0.0115212, 0.456674, 0.005595, 0.109496, 0.134158, 0.0716987,
    0.0261778, 0.0335313, 0.0467562, 0.068963, 0.005595, 0.647766, -0.00750823, 0.116453, 0.0953432,
    0.0354929, 0.0413493, 0.0750649, 0.0803901, 0.109496, -0.00750823, 1.00963, -0.0325176, 0.0875109,
    0.0258534, 0.050442, 0.0641751, 0.098372, 0.134158, 0.116453, -0.0325176, 1.41096, -0.184742,
    0.0114565, 0.0219572, 0.0397704, 0.0536987, 0.0716987, 0.0953432, 0.0875109, -0.184742, 1.3653
};

static const ClassicDescMod yaw00_lev3_p15_classic(9, yaw00_lev3_p15_prof, yaw00_cov_lev3_p15);

} // namespace stasm
#endif // STASM_YAW00_LEV3_P15_CLASSIC_MH
