// yaw00_lev1_p15_classic.mh: machine generated classical descriptor matcher
//
// Command: tasm -d tasmout_muct77 ../tasm/shapes/muct77.shape 0 0 [abde]

#ifndef STASM_YAW00_LEV1_P15_CLASSIC_MH
#define STASM_YAW00_LEV1_P15_CLASSIC_MH

namespace stasm {

// static const int EYEMOUTH_DIST = 100;
// static const double PYR_RATIO = 2;

static const double yaw00_lev1_p15_prof[9] = // mean profile
{
    0.536468, 0.578651, 0.606734, 0.643373, 0.67349, 0.681035, 0.701686, 0.658382, 0.673807
};
static const double yaw00_cov_lev1_p15[9*9] = // covariance matrix
{
    0.585448, -0.217834, -0.0233009, -0.0319156, -0.0129681, 0.0188543, 0.0214033, 0.0177955, 0.0114382,
    -0.217834, 0.79611, -0.22648, -0.00931892, -0.0244158, 0.00509091, 0.013078, 0.0112383, 0.0305882,
    -0.0233009, -0.22648, 0.87288, -0.204855, -0.0118536, -0.0173351, 0.019323, 0.0250325, 0.0232053,
    -0.0319156, -0.00931892, -0.204855, 0.875615, -0.203651, -0.00858755, -0.0295782, 0.0152638, 0.0371862,
    -0.0129681, -0.0244158, -0.0118536, -0.203651, 1.01806, -0.233483, -0.0132704, -0.00276772, 0.0258403,
    0.0188543, 0.00509091, -0.0173351, -0.00858755, -0.233483, 1.0279, -0.203398, -0.0114272, 0.00767999,
    0.0214033, 0.013078, 0.019323, -0.0295782, -0.0132704, -0.203398, 1.00826, -0.173939, -0.0122914,
    0.0177955, 0.0112383, 0.0250325, 0.0152638, -0.00276772, -0.0114272, -0.173939, 0.906874, -0.161711,
    0.0114382, 0.0305882, 0.0232053, 0.0371862, 0.0258403, 0.00767999, -0.0122914, -0.161711, 0.667338
};

static const ClassicDescMod yaw00_lev1_p15_classic(9, yaw00_lev1_p15_prof, yaw00_cov_lev1_p15);

} // namespace stasm
#endif // STASM_YAW00_LEV1_P15_CLASSIC_MH
