// yaw00_lev3_p04_classic.mh: machine generated classical descriptor matcher
//
// Command: tasm -d tasmout_muct77 ../tasm/shapes/muct77.shape 0 0 [abde]

#ifndef STASM_YAW00_LEV3_P04_CLASSIC_MH
#define STASM_YAW00_LEV3_P04_CLASSIC_MH

namespace stasm {

// static const int EYEMOUTH_DIST = 100;
// static const double PYR_RATIO = 2;

static const double yaw00_lev3_p04_prof[9] = // mean profile
{
    0.176771, 0.182211, -0.206453, -0.578596, -0.842697, 0.09945, 9.09545e-005, 0.0378384, 0.138636
};
static const double yaw00_cov_lev3_p04[9*9] = // covariance matrix
{
    0.342937, 0.117012, 0.136543, 0.0682695, 0.00666437, 0.0248897, 0.0243557, 0.0313379, 0.0191127,
    0.117012, 0.642373, 0.131336, 0.144444, 0.0142318, 0.0618559, 0.0560152, 0.0298742, 0.0252721,
    0.136543, 0.131336, 1.14971, 0.204392, 0.098734, 0.0886235, 0.0880973, 0.0315325, 0.0114203,
    0.0682695, 0.144444, 0.204392, 1.62693, 0.187846, 0.08517, 0.0548349, 0.00587121, -0.0367761,
    0.00666437, 0.0142318, 0.098734, 0.187846, 0.992848, -0.021939, 0.00782492, -0.0291498, -0.041252,
    0.0248897, 0.0618559, 0.0886235, 0.08517, -0.021939, 0.412761, 0.035513, 0.064853, 0.054058,
    0.0243557, 0.0560152, 0.0880973, 0.0548349, 0.00782492, 0.035513, 0.582987, 0.0638517, 0.0817824,
    0.0313379, 0.0298742, 0.0315325, 0.00587121, -0.0291498, 0.064853, 0.0638517, 0.51454, 0.057918,
    0.0191127, 0.0252721, 0.0114203, -0.0367761, -0.041252, 0.054058, 0.0817824, 0.057918, 0.528256
};

static const ClassicDescMod yaw00_lev3_p04_classic(9, yaw00_lev3_p04_prof, yaw00_cov_lev3_p04);

} // namespace stasm
#endif // STASM_YAW00_LEV3_P04_CLASSIC_MH
