// yaw00_lev0_p02_classic.mh: machine generated classical descriptor matcher
//
// Command: tasm -d tasmout_muct77 ../tasm/shapes/muct77.shape 0 0 [abde]

#ifndef STASM_YAW00_LEV0_P02_CLASSIC_MH
#define STASM_YAW00_LEV0_P02_CLASSIC_MH

namespace stasm {

// static const int EYEMOUTH_DIST = 100;
// static const double PYR_RATIO = 2;

static const double yaw00_lev0_p02_prof[9] = // mean profile
{
    -0.468294, -0.516914, -0.586563, -0.631374, -0.54964, -0.273779, 0.0366466, 0.228395, 0.280238
};
static const double yaw00_cov_lev0_p02[9*9] = // covariance matrix
{
    2.28393, -0.681025, 0.0348421, 0.0297396, -0.00321018, 0.0314945, 0.00832394, -0.00839549, -0.011674,
    -0.681025, 2.30942, -0.611444, -0.0310192, 0.0580952, 0.0120161, -0.00366703, -0.00910038, 0.0117956,
    0.0348421, -0.611444, 1.85405, -0.598558, -0.0239242, 0.0809003, -0.0241171, 0.00972535, 0.00264416,
    0.0297396, -0.0310192, -0.598558, 1.34264, -0.53251, 0.0522522, 0.0373636, -0.0119947, -0.0118926,
    -0.00321018, 0.0580952, -0.0239242, -0.53251, 0.971167, -0.48219, 0.0913453, 0.00429567, 0.00285511,
    0.0314945, 0.0120161, 0.0809003, 0.0522522, -0.48219, 0.857178, -0.472312, 0.11889, -0.00282447,
    0.00832394, -0.00366703, -0.0241171, 0.0373636, 0.0913453, -0.472312, 0.899602, -0.471696, 0.135091,
    -0.00839549, -0.00910038, 0.00972535, -0.0119947, 0.00429567, 0.11889, -0.471696, 0.936789, -0.395303,
    -0.011674, 0.0117956, 0.00264416, -0.0118926, 0.00285511, -0.00282447, 0.135091, -0.395303, 0.73894
};

static const ClassicDescMod yaw00_lev0_p02_classic(9, yaw00_lev0_p02_prof, yaw00_cov_lev0_p02);

} // namespace stasm
#endif // STASM_YAW00_LEV0_P02_CLASSIC_MH
