// yaw00_lev2_p15_classic.mh: machine generated classical descriptor matcher
//
// Command: tasm -d tasmout_muct77 ../tasm/shapes/muct77.shape 0 0 [abde]

#ifndef STASM_YAW00_LEV2_P15_CLASSIC_MH
#define STASM_YAW00_LEV2_P15_CLASSIC_MH

namespace stasm {

// static const int EYEMOUTH_DIST = 100;
// static const double PYR_RATIO = 2;

static const double yaw00_lev2_p15_prof[9] = // mean profile
{
    0.21844, 0.393897, 0.539427, 0.713058, 0.820384, 0.827055, 0.715131, 0.604486, 0.504496
};
static const double yaw00_cov_lev2_p15[9*9] = // covariance matrix
{
    0.509245, -0.14564, -0.0236437, 0.00333134, 0.0152541, 0.0211219, 0.00996181, 0.0314753, 0.0374277,
    -0.14564, 0.591061, -0.148845, -0.00446333, 0.0243327, 0.0247828, 0.0186006, 0.0291984, 0.0466449,
    -0.0236437, -0.148845, 0.59307, -0.141273, 0.00731861, 0.0329652, 0.0229894, 0.0279019, 0.0326464,
    0.00333134, -0.00446333, -0.141273, 0.614198, -0.120095, 0.00669807, 0.03815, 0.0350526, 0.058882,
    0.0152541, 0.0243327, 0.00731861, -0.120095, 0.733626, -0.15628, 0.0315399, 0.0507839, 0.0646473,
    0.0211219, 0.0247828, 0.0329652, 0.00669807, -0.15628, 0.868757, -0.142137, 0.0224184, 0.0458113,
    0.00996181, 0.0186006, 0.0229894, 0.03815, 0.0315399, -0.142137, 0.890065, -0.117659, 0.0210697,
    0.0314753, 0.0291984, 0.0279019, 0.0350526, 0.0507839, 0.0224184, -0.117659, 0.911091, -0.0854571,
    0.0374277, 0.0466449, 0.0326464, 0.058882, 0.0646473, 0.0458113, 0.0210697, -0.0854571, 0.887267
};

static const ClassicDescMod yaw00_lev2_p15_classic(9, yaw00_lev2_p15_prof, yaw00_cov_lev2_p15);

} // namespace stasm
#endif // STASM_YAW00_LEV2_P15_CLASSIC_MH
