// yaw00_lev1_p03_classic.mh: machine generated classical descriptor matcher
//
// Command: tasm -d tasmout_muct77 ../tasm/shapes/muct77.shape 0 0 [abde]

#ifndef STASM_YAW00_LEV1_P03_CLASSIC_MH
#define STASM_YAW00_LEV1_P03_CLASSIC_MH

namespace stasm {

// static const int EYEMOUTH_DIST = 100;
// static const double PYR_RATIO = 2;

static const double yaw00_lev1_p03_prof[9] = // mean profile
{
    -0.362092, -0.396494, -0.487172, -0.69098, -0.845647, -0.376447, 0.132733, 0.0896947, 0.0184863
};
static const double yaw00_cov_lev1_p03[9*9] = // covariance matrix
{
    2.03997, -0.613727, 0.0287599, 0.0182631, 0.00430054, 0.0158237, 0.0049521, 0.00987234, -0.00929742,
    -0.613727, 2.62359, -0.603575, 0.0289554, 0.00911161, 0.00899393, 0.0312375, 0.00783492, -0.0152513,
    0.0287599, -0.603575, 2.57378, -0.501538, 0.0746082, -0.0104752, 0.00337808, 0.00313616, 0.00885119,
    0.0182631, 0.0289554, -0.501538, 1.61743, -0.379605, 0.129157, -0.0511904, 0.0147737, -0.0116228,
    0.00430054, 0.00911161, 0.0746082, -0.379605, 0.499344, -0.210346, 0.0973102, -0.0377625, 0.00839379,
    0.0158237, 0.00899393, -0.0104752, 0.129157, -0.210346, 0.302683, -0.171095, 0.0736702, 0.00734441,
    0.0049521, 0.0312375, 0.00337808, -0.0511904, 0.0973102, -0.171095, 0.521969, -0.193448, 0.0783194,
    0.00987234, 0.00783492, 0.00313616, 0.0147737, -0.0377625, 0.0736702, -0.193448, 0.739843, -0.184603,
    -0.00929742, -0.0152513, 0.00885119, -0.0116228, 0.00839379, 0.00734441, 0.0783194, -0.184603, 0.671015
};

static const ClassicDescMod yaw00_lev1_p03_classic(9, yaw00_lev1_p03_prof, yaw00_cov_lev1_p03);

} // namespace stasm
#endif // STASM_YAW00_LEV1_P03_CLASSIC_MH
