// yaw00_lev3_p50_classic.mh: machine generated classical descriptor matcher
//
// Command: tasm -d tasmout_muct77 ../tasm/shapes/muct77.shape 0 0 [abde]

#ifndef STASM_YAW00_LEV3_P50_CLASSIC_MH
#define STASM_YAW00_LEV3_P50_CLASSIC_MH

namespace stasm {

// static const int EYEMOUTH_DIST = 100;
// static const double PYR_RATIO = 2;

static const double yaw00_lev3_p50_prof[9] = // mean profile
{
    0.310565, 0.116712, 0.82596, 0.752645, -0.95719, -0.812547, 0.341667, 0.847786, 0.603396
};
static const double yaw00_cov_lev3_p50[9*9] = // covariance matrix
{
    0.779102, 0.0985548, 0.224957, 0.214577, -0.0689191, -0.0287702, 0.101994, 0.108041, 0.0367501,
    0.0985548, 1.16202, 0.124494, 0.394223, -0.0464528, -0.0312712, 0.139687, 0.152881, 0.0921785,
    0.224957, 0.124494, 1.34333, 0.296157, -0.077368, -0.410273, -0.00414836, 0.0819915, 0.110578,
    0.214577, 0.394223, 0.296157, 1.3438, -0.343859, 0.101676, 0.228924, 0.171252, 0.13431,
    -0.0689191, -0.0464528, -0.077368, -0.343859, 1.58186, 0.456473, 0.39961, 0.273328, 0.0646474,
    -0.0287702, -0.0312712, -0.410273, 0.101676, 0.456473, 1.46304, 0.380442, 0.23452, 0.204978,
    0.101994, 0.139687, -0.00414836, 0.228924, 0.39961, 0.380442, 1.0708, 0.464965, 0.501519,
    0.108041, 0.152881, 0.0819915, 0.171252, 0.273328, 0.23452, 0.464965, 0.936412, 0.552512,
    0.0367501, 0.0921785, 0.110578, 0.13431, 0.0646474, 0.204978, 0.501519, 0.552512, 1.50409
};

static const ClassicDescMod yaw00_lev3_p50_classic(9, yaw00_lev3_p50_prof, yaw00_cov_lev3_p50);

} // namespace stasm
#endif // STASM_YAW00_LEV3_P50_CLASSIC_MH
