// yaw00_lev0_p10_classic.mh: machine generated classical descriptor matcher
//
// Command: tasm -d tasmout_muct77 ../tasm/shapes/muct77.shape 0 0 [abde]

#ifndef STASM_YAW00_LEV0_P10_CLASSIC_MH
#define STASM_YAW00_LEV0_P10_CLASSIC_MH

namespace stasm {

// static const int EYEMOUTH_DIST = 100;
// static const double PYR_RATIO = 2;

static const double yaw00_lev0_p10_prof[9] = // mean profile
{
    -0.452297, -0.492686, -0.573651, -0.630798, -0.596888, -0.3909, -0.107617, 0.108555, 0.223458
};
static const double yaw00_cov_lev0_p10[9*9] = // covariance matrix
{
    2.22505, -0.591494, 0.0132739, -0.0187151, 0.0376725, 0.0105002, 0.0254332, 0.00105007, -0.0053484,
    -0.591494, 2.33507, -0.603445, 0.0172319, 0.0150104, 0.012923, 0.0170714, -0.0164945, 0.00960233,
    0.0132739, -0.603445, 2.11044, -0.529164, -0.000472001, 0.0358916, 0.00411577, -0.00528464, 0.0396567,
    -0.0187151, 0.0172319, -0.529164, 1.59252, -0.578456, 0.0376832, 0.0556133, -0.0117045, -0.0120723,
    0.0376725, 0.0150104, -0.000472001, -0.578456, 1.08999, -0.518447, 0.0959581, 0.0151776, -0.0137946,
    0.0105002, 0.012923, 0.0358916, 0.0376832, -0.518447, 0.860359, -0.451332, 0.0859107, 0.0118806,
    0.0254332, 0.0170714, 0.00411577, 0.0556133, 0.0959581, -0.451332, 0.7989, -0.423681, 0.117782,
    0.00105007, -0.0164945, -0.00528464, -0.0117045, 0.0151776, 0.0859107, -0.423681, 0.870104, -0.368697,
    -0.0053484, 0.00960233, 0.0396567, -0.0120723, -0.0137946, 0.0118806, 0.117782, -0.368697, 0.672333
};

static const ClassicDescMod yaw00_lev0_p10_classic(9, yaw00_lev0_p10_prof, yaw00_cov_lev0_p10);

} // namespace stasm
#endif // STASM_YAW00_LEV0_P10_CLASSIC_MH
