// yaw00_lev1_p14_classic.mh: machine generated classical descriptor matcher
//
// Command: tasm -d tasmout_muct77 ../tasm/shapes/muct77.shape 0 0 [abde]

#ifndef STASM_YAW00_LEV1_P14_CLASSIC_MH
#define STASM_YAW00_LEV1_P14_CLASSIC_MH

namespace stasm {

// static const int EYEMOUTH_DIST = 100;
// static const double PYR_RATIO = 2;

static const double yaw00_lev1_p14_prof[9] = // mean profile
{
    -0.703805, -0.69024, -0.730022, -0.730457, -0.738945, -0.745845, -0.772651, -0.807029, -0.843291
};
static const double yaw00_cov_lev1_p14[9*9] = // covariance matrix
{
    0.890618, -0.283432, 0.0394876, -0.0076092, 0.0734114, 0.0457392, 0.0670452, 0.05002, 0.0610262,
    -0.283432, 1.31144, -0.30207, 0.0252896, -0.029162, 0.0508551, 0.037837, 0.0215067, 0.0616709,
    0.0394876, -0.30207, 1.23116, -0.283878, 0.0299577, -0.0207351, 0.0170045, 0.0711581, 0.0339917,
    -0.0076092, 0.0252896, -0.283878, 1.23405, -0.330051, 0.0166705, -0.0451449, 0.0263855, 0.0340037,
    0.0734114, -0.029162, 0.0299577, -0.330051, 1.32005, -0.328077, 0.0637138, -0.0582056, -0.00142483,
    0.0457392, 0.0508551, -0.0207351, 0.0166705, -0.328077, 1.26103, -0.345252, 0.0400705, -0.0468025,
    0.0670452, 0.037837, 0.0170045, -0.0451449, 0.0637138, -0.345252, 1.14477, -0.294575, -0.0312122,
    0.05002, 0.0215067, 0.0711581, 0.0263855, -0.0582056, 0.0400705, -0.294575, 1.04167, -0.283609,
    0.0610262, 0.0616709, 0.0339917, 0.0340037, -0.00142483, -0.0468025, -0.0312122, -0.283609, 0.679539
};

static const ClassicDescMod yaw00_lev1_p14_classic(9, yaw00_lev1_p14_prof, yaw00_cov_lev1_p14);

} // namespace stasm
#endif // STASM_YAW00_LEV1_P14_CLASSIC_MH
