// yaw00_lev3_p52_classic.mh: machine generated classical descriptor matcher
//
// Command: tasm -d tasmout_muct77 ../tasm/shapes/muct77.shape 0 0 [abde]

#ifndef STASM_YAW00_LEV3_P52_CLASSIC_MH
#define STASM_YAW00_LEV3_P52_CLASSIC_MH

namespace stasm {

// static const int EYEMOUTH_DIST = 100;
// static const double PYR_RATIO = 2;

static const double yaw00_lev3_p52_prof[9] = // mean profile
{
    0.0821889, 0.186481, 0.302618, 0.558632, -0.929052, -1.85191, 0.550479, 0.363171, -0.474072
};
static const double yaw00_cov_lev3_p52[9*9] = // covariance matrix
{
    1.51883, 0.0623542, 0.121204, 0.30919, 0.133598, 0.0182722, 0.0255096, -0.0250962, -0.0122637,
    0.0623542, 2.70869, -0.0001457, 0.519371, 0.116435, 0.000358873, 0.061451, 0.00718718, -0.000454117,
    0.121204, -0.0001457, 4.21986, 0.146036, 0.236031, 0.0137201, 0.071019, 0.0215614, -0.0397225,
    0.30919, 0.519371, 0.146036, 2.96208, 0.137185, 0.210181, 0.211352, 0.117302, 0.0117835,
    0.133598, 0.116435, 0.236031, 0.137185, 1.29405, 0.871471, 0.517159, 0.259633, 0.118478,
    0.0182722, 0.000358873, 0.0137201, 0.210181, 0.871471, 1.41802, 0.660988, 0.564903, 0.287834,
    0.0255096, 0.061451, 0.071019, 0.211352, 0.517159, 0.660988, 1.08602, 0.617397, 0.335652,
    -0.0250962, 0.00718718, 0.0215614, 0.117302, 0.259633, 0.564903, 0.617397, 1.06157, 0.316943,
    -0.0122637, -0.000454117, -0.0397225, 0.0117835, 0.118478, 0.287834, 0.335652, 0.316943, 0.529869
};

static const ClassicDescMod yaw00_lev3_p52_classic(9, yaw00_lev3_p52_prof, yaw00_cov_lev3_p52);

} // namespace stasm
#endif // STASM_YAW00_LEV3_P52_CLASSIC_MH
