// yaw00_lev3_p40_classic.mh: machine generated classical descriptor matcher
//
// Command: tasm -d tasmout_muct77 ../tasm/shapes/muct77.shape 0 0 [abde]

#ifndef STASM_YAW00_LEV3_P40_CLASSIC_MH
#define STASM_YAW00_LEV3_P40_CLASSIC_MH

namespace stasm {

// static const int EYEMOUTH_DIST = 100;
// static const double PYR_RATIO = 2;

static const double yaw00_lev3_p40_prof[9] = // mean profile
{
    -0.734836, -0.427073, -0.301168, 0.480536, 0.897642, 0.210187, 0.575155, 1.16636, 0.0219741
};
static const double yaw00_cov_lev3_p40[9*9] = // covariance matrix
{
    1.23292, 0.549456, 0.415041, 0.378356, 0.392349, 0.380116, 0.193636, 0.00472966, 0.00280794,
    0.549456, 1.19125, 0.634451, 0.414934, 0.56586, 0.453158, 0.277638, 0.0575902, -0.0206323,
    0.415041, 0.634451, 1.23853, 0.639333, 0.790252, 0.638145, 0.397532, 0.157924, -0.102829,
    0.378356, 0.414934, 0.639333, 1.18377, 0.947913, 0.699008, 0.515637, 0.277358, 0.0263881,
    0.392349, 0.56586, 0.790252, 0.947913, 1.73396, 0.888207, 0.674163, 0.331505, -0.11367,
    0.380116, 0.453158, 0.638145, 0.699008, 0.888207, 1.72038, 0.64879, 0.502143, 0.141429,
    0.193636, 0.277638, 0.397532, 0.515637, 0.674163, 0.64879, 1.72308, 0.614666, 0.47177,
    0.00472966, 0.0575902, 0.157924, 0.277358, 0.331505, 0.502143, 0.614666, 1.58437, 0.136851,
    0.00280794, -0.0206323, -0.102829, 0.0263881, -0.11367, 0.141429, 0.47177, 0.136851, 1.15732
};

static const ClassicDescMod yaw00_lev3_p40_classic(9, yaw00_lev3_p40_prof, yaw00_cov_lev3_p40);

} // namespace stasm
#endif // STASM_YAW00_LEV3_P40_CLASSIC_MH
