// yaw00_lev3_p11_classic.mh: machine generated classical descriptor matcher
//
// Command: tasm -d tasmout_muct77 ../tasm/shapes/muct77.shape 0 0 [abde]

#ifndef STASM_YAW00_LEV3_P11_CLASSIC_MH
#define STASM_YAW00_LEV3_P11_CLASSIC_MH

namespace stasm {

// static const int EYEMOUTH_DIST = 100;
// static const double PYR_RATIO = 2;

static const double yaw00_lev3_p11_prof[9] = // mean profile
{
    -0.153823, -0.658946, -1.08828, -1.33042, -1.16788, 0.230746, 0.0936509, 0.0195205, 0.0941797
};
static const double yaw00_cov_lev3_p11[9*9] = // covariance matrix
{
    1.49429, -0.504138, 0.268047, 0.150711, 0.0719445, 0.0415888, 0.061537, 0.0139078, 0.0121009,
    -0.504138, 1.9969, -0.514935, 0.282524, 0.153506, 0.0681676, 0.0462173, 0.0287387, 0.034506,
    0.268047, -0.514935, 2.14356, -0.403755, 0.178486, 0.0272478, -0.0150443, 0.0310455, 0.0435855,
    0.150711, 0.282524, -0.403755, 1.54879, 0.101002, 0.00643899, -0.0054139, 0.0419579, 0.0724894,
    0.0719445, 0.153506, 0.178486, 0.101002, 0.364458, 0.103247, 0.112408, 0.120444, 0.170339,
    0.0415888, 0.0681676, 0.0272478, 0.00643899, 0.103247, 0.474279, 0.150993, 0.121416, 0.137828,
    0.061537, 0.0462173, -0.0150443, -0.0054139, 0.112408, 0.150993, 0.712779, 0.138714, 0.169646,
    0.0139078, 0.0287387, 0.0310455, 0.0419579, 0.120444, 0.121416, 0.138714, 0.958345, 0.14281,
    0.0121009, 0.034506, 0.0435855, 0.0724894, 0.170339, 0.137828, 0.169646, 0.14281, 1.55625
};

static const ClassicDescMod yaw00_lev3_p11_classic(9, yaw00_lev3_p11_prof, yaw00_cov_lev3_p11);

} // namespace stasm
#endif // STASM_YAW00_LEV3_P11_CLASSIC_MH
