// yaw00_lev1_p00_classic.mh: machine generated classical descriptor matcher
//
// Command: tasm -d tasmout_muct77 ../tasm/shapes/muct77.shape 0 0 [abde]

#ifndef STASM_YAW00_LEV1_P00_CLASSIC_MH
#define STASM_YAW00_LEV1_P00_CLASSIC_MH

namespace stasm {

// static const int EYEMOUTH_DIST = 100;
// static const double PYR_RATIO = 2;

static const double yaw00_lev1_p00_prof[9] = // mean profile
{
    -0.21332, -0.175217, -0.0692456, 0.407648, 1.35458, 1.53571, 0.887285, 0.53928, 0.458654
};
static const double yaw00_cov_lev1_p00[9*9] = // covariance matrix
{
    1.09389, -0.275093, 0.0780715, 0.0137367, 0.0042102, 0.000201948, -0.0429191, -0.0339943, -0.076273,
    -0.275093, 1.12514, -0.28127, 0.0523553, 0.000113049, -0.0375637, -0.0429106, -0.0466126, -0.0216991,
    0.0780715, -0.28127, 0.933135, -0.261926, 0.0625893, -0.027841, -0.0426428, -0.00528076, -0.0371666,
    0.0137367, 0.0523553, -0.261926, 0.642681, -0.19496, 0.0826286, -0.011046, -0.018591, 0.0269541,
    0.0042102, 0.000113049, 0.0625893, -0.19496, 0.45819, -0.176496, 0.124495, 0.0473952, 0.0594979,
    0.000201948, -0.0375637, -0.027841, 0.0826286, -0.176496, 0.706637, -0.394069, 0.148374, 0.0900691,
    -0.0429191, -0.0429106, -0.0426428, -0.011046, 0.124495, -0.394069, 1.51468, -0.709859, 0.125733,
    -0.0339943, -0.0466126, -0.00528076, -0.018591, 0.0473952, 0.148374, -0.709859, 2.44853, -0.575648,
    -0.076273, -0.0216991, -0.0371666, 0.0269541, 0.0594979, 0.0900691, 0.125733, -0.575648, 1.83222
};

static const ClassicDescMod yaw00_lev1_p00_classic(9, yaw00_lev1_p00_prof, yaw00_cov_lev1_p00);

} // namespace stasm
#endif // STASM_YAW00_LEV1_P00_CLASSIC_MH
