// yaw00_lev2_p04_classic.mh: machine generated classical descriptor matcher
//
// Command: tasm -d tasmout_muct77 ../tasm/shapes/muct77.shape 0 0 [abde]

#ifndef STASM_YAW00_LEV2_P04_CLASSIC_MH
#define STASM_YAW00_LEV2_P04_CLASSIC_MH

namespace stasm {

// static const int EYEMOUTH_DIST = 100;
// static const double PYR_RATIO = 2;

static const double yaw00_lev2_p04_prof[9] = // mean profile
{
    -0.25101, -0.43652, -0.554369, -0.673362, -0.885209, 0.0107784, 0.246824, -0.00443767, -0.0892213
};
static const double yaw00_cov_lev2_p04[9*9] = // covariance matrix
{
    0.963322, -0.0964679, 0.181182, 0.139444, 0.0170173, 0.0233286, 0.0532207, 0.0373312, 0.0288486,
    -0.0964679, 1.156, -0.0855319, 0.23054, 0.0536653, 0.0335265, 0.0176062, 0.0264178, 0.00121968,
    0.181182, -0.0855319, 1.40944, -0.0393632, 0.09582, 0.0346439, 0.0174392, 0.0215156, 0.0068224,
    0.139444, 0.23054, -0.0393632, 1.48091, -0.0479555, 0.0657599, 3.49494e-005, 0.0353599, 0.00519207,
    0.0170173, 0.0536653, 0.09582, -0.0479555, 0.68557, -0.0592789, 0.0299178, -0.00775111, -0.0102992,
    0.0233286, 0.0335265, 0.0346439, 0.0657599, -0.0592789, 0.270233, -0.0329944, 0.0388735, 0.0277119,
    0.0532207, 0.0176062, 0.0174392, 3.49494e-005, 0.0299178, -0.0329944, 0.449223, -0.0866499, 0.0380645,
    0.0373312, 0.0264178, 0.0215156, 0.0353599, -0.00775111, 0.0388735, -0.0866499, 0.528841, -0.0546071,
    0.0288486, 0.00121968, 0.0068224, 0.00519207, -0.0102992, 0.0277119, 0.0380645, -0.0546071, 0.459221
};

static const ClassicDescMod yaw00_lev2_p04_classic(9, yaw00_lev2_p04_prof, yaw00_cov_lev2_p04);

} // namespace stasm
#endif // STASM_YAW00_LEV2_P04_CLASSIC_MH
