// yaw00_lev3_p05_classic.mh: machine generated classical descriptor matcher
//
// Command: tasm -d tasmout_muct77 ../tasm/shapes/muct77.shape 0 0 [abde]

#ifndef STASM_YAW00_LEV3_P05_CLASSIC_MH
#define STASM_YAW00_LEV3_P05_CLASSIC_MH

namespace stasm {

// static const int EYEMOUTH_DIST = 100;
// static const double PYR_RATIO = 2;

static const double yaw00_lev3_p05_prof[9] = // mean profile
{
    0.33572, 0.214728, -0.591743, -1.46634, -0.992317, 0.697752, 0.431903, 0.332122, 0.246108
};
static const double yaw00_cov_lev3_p05[9*9] = // covariance matrix
{
    0.604755, 0.150017, 0.133381, 0.133479, 0.11525, 0.0490845, 0.0428816, 0.0294281, 0.0222644,
    0.150017, 0.78957, -0.00414642, 0.195686, 0.184095, 0.0785823, 0.115458, 0.0917289, 0.0744435,
    0.133381, -0.00414642, 0.918297, -0.010863, 0.292914, 0.109189, 0.152268, 0.145481, 0.110488,
    0.133479, 0.195686, -0.010863, 1.42398, 0.30528, 0.0652155, 0.0357308, 0.0142454, -0.0228466,
    0.11525, 0.184095, 0.292914, 0.30528, 0.959981, 0.1326, 0.091541, 0.0502073, 0.00502453,
    0.0490845, 0.0785823, 0.109189, 0.0652155, 0.1326, 1.10951, 0.184784, 0.228908, 0.143312,
    0.0428816, 0.115458, 0.152268, 0.0357308, 0.091541, 0.184784, 1.29597, 0.0434453, 0.184415,
    0.0294281, 0.0917289, 0.145481, 0.0142454, 0.0502073, 0.228908, 0.0434453, 1.27242, 0.0321844,
    0.0222644, 0.0744435, 0.110488, -0.0228466, 0.00502453, 0.143312, 0.184415, 0.0321844, 1.02967
};

static const ClassicDescMod yaw00_lev3_p05_classic(9, yaw00_lev3_p05_prof, yaw00_cov_lev3_p05);

} // namespace stasm
#endif // STASM_YAW00_LEV3_P05_CLASSIC_MH
