// yaw00_lev3_p44_classic.mh: machine generated classical descriptor matcher
//
// Command: tasm -d tasmout_muct77 ../tasm/shapes/muct77.shape 0 0 [abde]

#ifndef STASM_YAW00_LEV3_P44_CLASSIC_MH
#define STASM_YAW00_LEV3_P44_CLASSIC_MH

namespace stasm {

// static const int EYEMOUTH_DIST = 100;
// static const double PYR_RATIO = 2;

static const double yaw00_lev3_p44_prof[9] = // mean profile
{
    0.215581, 0.467205, 0.409208, -0.227439, -0.752428, -0.367924, -0.710189, 0.575775, 0.470838
};
static const double yaw00_cov_lev3_p44[9*9] = // covariance matrix
{
    0.612248, 0.0657971, 0.153428, 0.199477, 0.0583951, 0.0240217, 0.0698503, 0.0496524, 0.026186,
    0.0657971, 0.624034, 0.0955892, 0.180123, 0.0512511, 0.0464581, 0.0421834, 0.064112, 0.0356558,
    0.153428, 0.0955892, 0.792838, 0.0726727, 0.0983482, 0.0526216, 0.0117868, 0.0611851, 0.00315784,
    0.199477, 0.180123, 0.0726727, 1.09699, 0.179591, 0.172169, 0.0681233, 0.0810581, 0.0394497,
    0.0583951, 0.0512511, 0.0983482, 0.179591, 1.15526, 0.388268, 0.277684, 0.198208, 0.192479,
    0.0240217, 0.0464581, 0.0526216, 0.172169, 0.388268, 0.966165, 0.364157, 0.266239, 0.262214,
    0.0698503, 0.0421834, 0.0117868, 0.0681233, 0.277684, 0.364157, 0.915694, 0.328484, 0.290608,
    0.0496524, 0.064112, 0.0611851, 0.0810581, 0.198208, 0.266239, 0.328484, 0.746614, 0.365696,
    0.026186, 0.0356558, 0.00315784, 0.0394497, 0.192479, 0.262214, 0.290608, 0.365696, 0.810042
};

static const ClassicDescMod yaw00_lev3_p44_classic(9, yaw00_lev3_p44_prof, yaw00_cov_lev3_p44);

} // namespace stasm
#endif // STASM_YAW00_LEV3_P44_CLASSIC_MH
