// yaw00_lev2_p08_classic.mh: machine generated classical descriptor matcher
//
// Command: tasm -d tasmout_muct77 ../tasm/shapes/muct77.shape 0 0 [abde]

#ifndef STASM_YAW00_LEV2_P08_CLASSIC_MH
#define STASM_YAW00_LEV2_P08_CLASSIC_MH

namespace stasm {

// static const int EYEMOUTH_DIST = 100;
// static const double PYR_RATIO = 2;

static const double yaw00_lev2_p08_prof[9] = // mean profile
{
    -0.331769, -0.477736, -0.574458, -0.715472, -0.758874, 0.232365, 0.121237, -0.0448645, -0.0766707
};
static const double yaw00_cov_lev2_p08[9*9] = // covariance matrix
{
    1.00059, -0.0991405, 0.207647, 0.0937971, 0.02322, 0.027981, 0.0285248, 0.0383083, -0.000371102,
    -0.0991405, 1.20854, -0.0723853, 0.149215, 0.0367901, 0.0144536, 0.0202484, 0.00231664, 0.0059291,
    0.207647, -0.0723853, 1.4735, -0.0412525, 0.0563013, 0.0340955, 0.0189917, 0.0180677, -0.00353313,
    0.0937971, 0.149215, -0.0412525, 1.37185, -0.0317354, 0.0497785, -0.0109555, 0.00888227, -0.00029124,
    0.02322, 0.0367901, 0.0563013, -0.0317354, 0.364232, -0.0605748, 0.0339631, 0.00942261, 0.00600468,
    0.027981, 0.0144536, 0.0340955, 0.0497785, -0.0605748, 0.330195, -0.0482532, 0.0348525, 0.0298451,
    0.0285248, 0.0202484, 0.0189917, -0.0109555, 0.0339631, -0.0482532, 0.47067, -0.0817898, 0.0306818,
    0.0383083, 0.00231664, 0.0180677, 0.00888227, 0.00942261, 0.0348525, -0.0817898, 0.52841, -0.0438239,
    -0.000371102, 0.0059291, -0.00353313, -0.00029124, 0.00600468, 0.0298451, 0.0306818, -0.0438239, 0.451487
};

static const ClassicDescMod yaw00_lev2_p08_classic(9, yaw00_lev2_p08_prof, yaw00_cov_lev2_p08);

} // namespace stasm
#endif // STASM_YAW00_LEV2_P08_CLASSIC_MH
