// yaw00_lev1_p13_classic.mh: machine generated classical descriptor matcher
//
// Command: tasm -d tasmout_muct77 ../tasm/shapes/muct77.shape 0 0 [abde]

#ifndef STASM_YAW00_LEV1_P13_CLASSIC_MH
#define STASM_YAW00_LEV1_P13_CLASSIC_MH

namespace stasm {

// static const int EYEMOUTH_DIST = 100;
// static const double PYR_RATIO = 2;

static const double yaw00_lev1_p13_prof[9] = // mean profile
{
    -0.634015, -0.635232, -0.673761, -0.705511, -0.694992, -0.705537, -0.677707, -0.667577, -0.6604
};
static const double yaw00_cov_lev1_p13[9*9] = // covariance matrix
{
    0.765055, -0.187318, 0.0081729, -0.00738459, 0.0366479, 0.0346581, 0.0270447, 0.0379344, 0.0216616,
    -0.187318, 1.01546, -0.197757, 0.00653981, -0.0248057, 0.025254, 0.0380118, 0.0182397, 0.0208539,
    0.0081729, -0.197757, 0.98412, -0.196325, 0.000873445, 0.000671738, 0.0195591, 0.0288351, 0.00869689,
    -0.00738459, 0.00653981, -0.196325, 1.04793, -0.205094, -0.0234212, -0.0210053, 0.000274375, 0.0254491,
    0.0366479, -0.0248057, 0.000873445, -0.205094, 1.0538, -0.203109, -0.00757334, -0.0226683, 0.00839018,
    0.0346581, 0.025254, 0.000671738, -0.0234212, -0.203109, 0.980341, -0.203069, -0.00165619, -0.0249649,
    0.0270447, 0.0380118, 0.0195591, -0.0210053, -0.00757334, -0.203069, 0.855341, -0.198863, -0.0325619,
    0.0379344, 0.0182397, 0.0288351, 0.000274375, -0.0226683, -0.00165619, -0.198863, 0.778727, -0.200434,
    0.0216616, 0.0208539, 0.00869689, 0.0254491, 0.00839018, -0.0249649, -0.0325619, -0.200434, 0.58235
};

static const ClassicDescMod yaw00_lev1_p13_classic(9, yaw00_lev1_p13_prof, yaw00_cov_lev1_p13);

} // namespace stasm
#endif // STASM_YAW00_LEV1_P13_CLASSIC_MH
