// yaw00_lev0_p03_classic.mh: machine generated classical descriptor matcher
//
// Command: tasm -d tasmout_muct77 ../tasm/shapes/muct77.shape 0 0 [abde]

#ifndef STASM_YAW00_LEV0_P03_CLASSIC_MH
#define STASM_YAW00_LEV0_P03_CLASSIC_MH

namespace stasm {

// static const int EYEMOUTH_DIST = 100;
// static const double PYR_RATIO = 2;

static const double yaw00_lev0_p03_prof[9] = // mean profile
{
    -0.363263, -0.442635, -0.521624, -0.584224, -0.558862, -0.308578, 0.019365, 0.132736, 0.100401
};
static const double yaw00_cov_lev0_p03[9*9] = // covariance matrix
{
    2.34913, -0.455378, -0.0848446, -0.0169393, 0.00099797, 0.0162809, -0.00256671, -0.00541665, 0.000326729,
    -0.455378, 2.14355, -0.433329, -0.0784165, 0.0206416, 0.0232131, 0.0141722, -0.00140814, -0.024299,
    -0.0848446, -0.433329, 1.67016, -0.46779, -0.042176, 0.04763, -0.00509093, -0.00409139, 0.00559955,
    -0.0169393, -0.0784165, -0.46779, 1.09736, -0.375822, 0.00265179, 0.0480672, -0.0198773, -0.00538708,
    0.00099797, 0.0206416, -0.042176, -0.375822, 0.708329, -0.319817, 0.0342984, 0.0401133, -0.00891786,
    0.0162809, 0.0232131, 0.04763, 0.00265179, -0.319817, 0.576528, -0.303407, 0.0325423, 0.0244212,
    -0.00256671, 0.0141722, -0.00509093, 0.0480672, 0.0342984, -0.303407, 0.691247, -0.342596, 0.059662,
    -0.00541665, -0.00140814, -0.00409139, -0.0198773, 0.0401133, 0.0325423, -0.342596, 0.910889, -0.356833,
    0.000326729, -0.024299, 0.00559955, -0.00538708, -0.00891786, 0.0244212, 0.059662, -0.356833, 0.823957
};

static const ClassicDescMod yaw00_lev0_p03_classic(9, yaw00_lev0_p03_prof, yaw00_cov_lev0_p03);

} // namespace stasm
#endif // STASM_YAW00_LEV0_P03_CLASSIC_MH
