// yaw00_lev2_p07_classic.mh: machine generated classical descriptor matcher
//
// Command: tasm -d tasmout_muct77 ../tasm/shapes/muct77.shape 0 0 [abde]

#ifndef STASM_YAW00_LEV2_P07_CLASSIC_MH
#define STASM_YAW00_LEV2_P07_CLASSIC_MH

namespace stasm {

// static const int EYEMOUTH_DIST = 100;
// static const double PYR_RATIO = 2;

static const double yaw00_lev2_p07_prof[9] = // mean profile
{
    -0.603786, -0.991463, -1.24904, -1.39881, -0.238353, 0.64728, 0.400189, 0.359225, 0.272794
};
static const double yaw00_cov_lev2_p07[9*9] = // covariance matrix
{
    1.05685, -0.221434, 0.0876695, 0.320013, 0.0856386, -0.00296832, 0.0329282, 0.00176747, 0.084624,
    -0.221434, 1.39193, -0.0103248, 0.136611, 0.113815, -0.0267602, 0.0302497, -0.00908935, 0.0196829,
    0.0876695, -0.0103248, 1.53465, 0.016457, 0.0951408, -0.0246361, -0.0357931, -0.0537787, -0.0272919,
    0.320013, 0.136611, 0.016457, 1.40596, -0.0124474, -0.0303535, -0.0903397, -0.107949, -0.0901685,
    0.0856386, 0.113815, 0.0951408, -0.0124474, 0.652313, 0.030742, 0.0853306, 0.0469929, 0.0492008,
    -0.00296832, -0.0267602, -0.0246361, -0.0303535, 0.030742, 0.862913, -0.0684007, 0.125224, 0.127171,
    0.0329282, 0.0302497, -0.0357931, -0.0903397, 0.0853306, -0.0684007, 1.16625, -0.210913, 0.0887103,
    0.00176747, -0.00908935, -0.0537787, -0.107949, 0.0469929, 0.125224, -0.210913, 1.29059, -0.191181,
    0.084624, 0.0196829, -0.0272919, -0.0901685, 0.0492008, 0.127171, 0.0887103, -0.191181, 1.23797
};

static const ClassicDescMod yaw00_lev2_p07_classic(9, yaw00_lev2_p07_prof, yaw00_cov_lev2_p07);

} // namespace stasm
#endif // STASM_YAW00_LEV2_P07_CLASSIC_MH
