// yaw00_lev3_p75_classic.mh: machine generated classical descriptor matcher
//
// Command: tasm -d tasmout_muct77 ../tasm/shapes/muct77.shape 0 0 [abde]

#ifndef STASM_YAW00_LEV3_P75_CLASSIC_MH
#define STASM_YAW00_LEV3_P75_CLASSIC_MH

namespace stasm {

// static const int EYEMOUTH_DIST = 100;
// static const double PYR_RATIO = 2;

static const double yaw00_lev3_p75_prof[9] = // mean profile
{
    0.443104, 0.572282, 0.363099, -0.270004, -0.580271, 0.336561, -0.805366, 0.443803, 0.551682
};
static const double yaw00_cov_lev3_p75[9*9] = // covariance matrix
{
    1.59286, 0.196051, 0.772333, 0.697411, 0.387107, 0.258025, 0.180767, 0.159245, 0.0965407,
    0.196051, 1.72143, 0.161056, 0.801106, 0.471146, 0.130364, 0.0615018, 0.118631, 0.0976509,
    0.772333, 0.161056, 2.45036, 0.229074, 0.669043, -0.0426509, -0.0506553, 0.0866085, 0.09714,
    0.697411, 0.801106, 0.229074, 2.82112, 1.09397, 0.426697, 0.246133, 0.309125, 0.216653,
    0.387107, 0.471146, 0.669043, 1.09397, 2.36691, 0.851095, 0.46774, 0.305332, 0.265817,
    0.258025, 0.130364, -0.0426509, 0.426697, 0.851095, 1.49057, 0.962632, 0.790224, 0.518347,
    0.180767, 0.0615018, -0.0506553, 0.246133, 0.46774, 0.962632, 1.53347, 1.09597, 0.746613,
    0.159245, 0.118631, 0.0866085, 0.309125, 0.305332, 0.790224, 1.09597, 1.23796, 0.786593,
    0.0965407, 0.0976509, 0.09714, 0.216653, 0.265817, 0.518347, 0.746613, 0.786593, 0.994306
};

static const ClassicDescMod yaw00_lev3_p75_classic(9, yaw00_lev3_p75_prof, yaw00_cov_lev3_p75);

} // namespace stasm
#endif // STASM_YAW00_LEV3_P75_CLASSIC_MH
