// yaw00_lev3_p14_classic.mh: machine generated classical descriptor matcher
//
// Command: tasm -d tasmout_muct77 ../tasm/shapes/muct77.shape 0 0 [abde]

#ifndef STASM_YAW00_LEV3_P14_CLASSIC_MH
#define STASM_YAW00_LEV3_P14_CLASSIC_MH

namespace stasm {

// static const int EYEMOUTH_DIST = 100;
// static const double PYR_RATIO = 2;

static const double yaw00_lev3_p14_prof[9] = // mean profile
{
    -0.267291, -0.323911, -0.552438, -0.773896, -1.11073, -1.30195, -1.10029, -0.634086, -0.156567
};
static const double yaw00_cov_lev3_p14[9*9] = // covariance matrix
{
    1.28858, -0.184774, 0.0810715, 0.0669341, 0.123774, 0.097727, 0.0726709, 0.0593106, 0.0276174,
    -0.184774, 1.61668, -0.328698, 0.100244, 0.113303, 0.118275, 0.0843455, 0.0665608, 0.0326056,
    0.0810715, -0.328698, 1.38617, -0.164154, 0.110674, 0.105346, 0.101687, 0.0886309, 0.0365249,
    0.0669341, 0.100244, -0.164154, 1.07845, -0.145664, 0.0928557, 0.0728211, 0.075909, 0.0337302,
    0.123774, 0.113303, 0.110674, -0.145664, 0.805518, -0.0606941, 0.12067, 0.0681732, 0.0439484,
    0.097727, 0.118275, 0.105346, 0.0928557, -0.0606941, 0.517182, -0.0720691, 0.0843661, 0.0253181,
    0.0726709, 0.0843455, 0.101687, 0.0728211, 0.12067, -0.0720691, 0.458434, -0.104486, 0.032649,
    0.0593106, 0.0665608, 0.0886309, 0.075909, 0.0681732, 0.0843661, -0.104486, 0.503783, -0.129296,
    0.0276174, 0.0326056, 0.0365249, 0.0337302, 0.0439484, 0.0253181, 0.032649, -0.129296, 0.480425
};

static const ClassicDescMod yaw00_lev3_p14_classic(9, yaw00_lev3_p14_prof, yaw00_cov_lev3_p14);

} // namespace stasm
#endif // STASM_YAW00_LEV3_P14_CLASSIC_MH
