// yaw00_lev3_p59_classic.mh: machine generated classical descriptor matcher
//
// Command: tasm -d tasmout_muct77 ../tasm/shapes/muct77.shape 0 0 [abde]

#ifndef STASM_YAW00_LEV3_P59_CLASSIC_MH
#define STASM_YAW00_LEV3_P59_CLASSIC_MH

namespace stasm {

// static const int EYEMOUTH_DIST = 100;
// static const double PYR_RATIO = 2;

static const double yaw00_lev3_p59_prof[9] = // mean profile
{
    0.180181, 0.0347484, -0.359626, -0.469146, 0.150367, 0.796071, 0.685266, -0.0282273, -0.432295
};
static const double yaw00_cov_lev3_p59[9*9] = // covariance matrix
{
    0.586785, 0.0921896, 0.0850669, 0.0660651, 0.0658453, 0.0450023, 0.0212748, -0.0380778, -0.0184207,
    0.0921896, 0.655063, 0.0710309, 0.0986965, 0.0701651, 0.0655986, 0.0024207, -0.0365645, -0.0235885,
    0.0850669, 0.0710309, 0.561093, 0.0718015, 0.106555, 0.0812802, 0.00262875, -0.0355565, 0.00971149,
    0.0660651, 0.0986965, 0.0718015, 0.546938, 0.117444, 0.146847, 0.0459112, 2.05777e-006, 0.0270844,
    0.0658453, 0.0701651, 0.106555, 0.117444, 0.622946, 0.268689, 0.208505, 0.174276, 0.0817435,
    0.0450023, 0.0655986, 0.0812802, 0.146847, 0.268689, 0.745208, 0.286166, 0.251894, 0.107618,
    0.0212748, 0.0024207, 0.00262875, 0.0459112, 0.208505, 0.286166, 1.08673, 0.226582, 0.150175,
    -0.0380778, -0.0365645, -0.0355565, 2.05777e-006, 0.174276, 0.251894, 0.226582, 1.24946, 0.0871493,
    -0.0184207, -0.0235885, 0.00971149, 0.0270844, 0.0817435, 0.107618, 0.150175, 0.0871493, 1.50574
};

static const ClassicDescMod yaw00_lev3_p59_classic(9, yaw00_lev3_p59_prof, yaw00_cov_lev3_p59);

} // namespace stasm
#endif // STASM_YAW00_LEV3_P59_CLASSIC_MH
