// yaw00_lev0_p00_classic.mh: machine generated classical descriptor matcher
//
// Command: tasm -d tasmout_muct77 ../tasm/shapes/muct77.shape 0 0 [abde]

#ifndef STASM_YAW00_LEV0_P00_CLASSIC_MH
#define STASM_YAW00_LEV0_P00_CLASSIC_MH

namespace stasm {

// static const int EYEMOUTH_DIST = 100;
// static const double PYR_RATIO = 2;

static const double yaw00_lev0_p00_prof[9] = // mean profile
{
    -0.0702466, 0.0347227, 0.228066, 0.560195, 0.974747, 1.17918, 1.06906, 0.808087, 0.616456
};
static const double yaw00_cov_lev0_p00[9*9] = // covariance matrix
{
    1.21044, -0.459376, 0.00855949, 0.00302357, 0.0248832, 0.0175703, -0.0324478, -0.00529449, -0.0126553,
    -0.459376, 1.3615, -0.459397, 0.0292427, 0.0103329, -0.0129999, 0.0074523, -0.0467581, -0.00673387,
    0.00855949, -0.459397, 1.22212, -0.457955, 0.0429044, 0.0435922, -0.0146649, 0.0332335, -0.0261712,
    0.00302357, 0.0292427, -0.457955, 1.00268, -0.398646, 0.0152773, 0.0753329, 0.0142057, 0.0101487,
    0.0248832, 0.0103329, 0.0429044, -0.398646, 0.902162, -0.354954, -0.00697194, 0.0941281, 0.0645863,
    0.0175703, -0.0129999, 0.0435922, 0.0152773, -0.354954, 1.00518, -0.37852, -0.0758619, 0.0835838,
    -0.0324478, 0.0074523, -0.0146649, 0.0753329, -0.00697194, -0.37852, 1.19713, -0.451791, -0.040335,
    -0.00529449, -0.0467581, 0.0332335, 0.0142057, 0.0941281, -0.0758619, -0.451791, 1.63392, -0.575283,
    -0.0126553, -0.00673387, -0.0261712, 0.0101487, 0.0645863, 0.0835838, -0.040335, -0.575283, 1.45336
};

static const ClassicDescMod yaw00_lev0_p00_classic(9, yaw00_lev0_p00_prof, yaw00_cov_lev0_p00);

} // namespace stasm
#endif // STASM_YAW00_LEV0_P00_CLASSIC_MH
