// yaw00_lev0_p07_classic.mh: machine generated classical descriptor matcher
//
// Command: tasm -d tasmout_muct77 ../tasm/shapes/muct77.shape 0 0 [abde]

#ifndef STASM_YAW00_LEV0_P07_CLASSIC_MH
#define STASM_YAW00_LEV0_P07_CLASSIC_MH

namespace stasm {

// static const int EYEMOUTH_DIST = 100;
// static const double PYR_RATIO = 2;

static const double yaw00_lev0_p07_prof[9] = // mean profile
{
    -0.908151, -0.878548, -0.847155, -0.725541, -0.367707, 0.165438, 0.488523, 0.503049, 0.427107
};
static const double yaw00_cov_lev0_p07[9*9] = // covariance matrix
{
    1.26375, -0.157591, -0.0252128, 0.110766, -0.00727344, -0.0130004, -0.0155535, -0.0517597, -0.0668611,
    -0.157591, 1.22062, -0.176835, -0.0306189, 0.0785576, -0.0266849, -0.0280805, -0.0214727, -0.0617017,
    -0.0252128, -0.176835, 1.18549, -0.215245, -0.0160422, 0.038675, -0.0233442, -0.0281961, -0.0314838,
    0.110766, -0.0306189, -0.215245, 1.17858, -0.344149, 0.0514461, 0.0291085, -0.0186352, -0.0318972,
    -0.00727344, 0.0785576, -0.0160422, -0.344149, 0.982473, -0.353765, 0.0859743, 0.0225114, 0.00531399,
    -0.0130004, -0.0266849, 0.038675, 0.0514461, -0.353765, 0.836089, -0.322548, 0.104169, 0.0487492,
    -0.0155535, -0.0280805, -0.0233442, 0.0291085, 0.0859743, -0.322548, 0.875536, -0.332796, 0.115507,
    -0.0517597, -0.0214727, -0.0281961, -0.0186352, 0.0225114, 0.104169, -0.332796, 1.0019, -0.323408,
    -0.0668611, -0.0617017, -0.0314838, -0.0318972, 0.00531399, 0.0487492, 0.115507, -0.323408, 0.937275
};

static const ClassicDescMod yaw00_lev0_p07_classic(9, yaw00_lev0_p07_prof, yaw00_cov_lev0_p07);

} // namespace stasm
#endif // STASM_YAW00_LEV0_P07_CLASSIC_MH
