// yaw00_lev3_p01_classic.mh: machine generated classical descriptor matcher
//
// Command: tasm -d tasmout_muct77 ../tasm/shapes/muct77.shape 0 0 [abde]

#ifndef STASM_YAW00_LEV3_P01_CLASSIC_MH
#define STASM_YAW00_LEV3_P01_CLASSIC_MH

namespace stasm {

// static const int EYEMOUTH_DIST = 100;
// static const double PYR_RATIO = 2;

static const double yaw00_lev3_p01_prof[9] = // mean profile
{
    0.127413, -0.243366, -0.758013, -1.09502, -1.42588, -0.821617, 0.243189, 0.0668287, 0.0473956
};
static const double yaw00_cov_lev3_p01[9*9] = // covariance matrix
{
    1.28124, -0.283817, -0.0025495, 0.116533, 0.0534101, -0.00364335, 0.010905, 0.0148271, -0.0037179,
    -0.283817, 1.84603, -0.617912, 0.31531, 0.118364, 0.0822063, 0.0486262, 0.075021, 0.00777505,
    -0.0025495, -0.617912, 2.31755, -0.477572, 0.22354, 0.166618, 0.0336643, 0.0207858, 0.0666906,
    0.116533, 0.31531, -0.477572, 2.21989, -0.128715, 0.107045, -0.0350149, -0.0488047, -0.00268542,
    0.0534101, 0.118364, 0.22354, -0.128715, 1.12838, 0.102224, 0.0063724, 0.0419608, 0.0934287,
    -0.00364335, 0.0822063, 0.166618, 0.107045, 0.102224, 0.329979, 0.114905, 0.100754, 0.117387,
    0.010905, 0.0486262, 0.0336643, -0.0350149, 0.0063724, 0.114905, 0.54367, 0.148934, 0.118317,
    0.0148271, 0.075021, 0.0207858, -0.0488047, 0.0419608, 0.100754, 0.148934, 0.703027, 0.131286,
    -0.0037179, 0.00777505, 0.0666906, -0.00268542, 0.0934287, 0.117387, 0.118317, 0.131286, 1.02618
};

static const ClassicDescMod yaw00_lev3_p01_classic(9, yaw00_lev3_p01_prof, yaw00_cov_lev3_p01);

} // namespace stasm
#endif // STASM_YAW00_LEV3_P01_CLASSIC_MH
