// yaw00_lev3_p09_classic.mh: machine generated classical descriptor matcher
//
// Command: tasm -d tasmout_muct77 ../tasm/shapes/muct77.shape 0 0 [abde]

#ifndef STASM_YAW00_LEV3_P09_CLASSIC_MH
#define STASM_YAW00_LEV3_P09_CLASSIC_MH

namespace stasm {

// static const int EYEMOUTH_DIST = 100;
// static const double PYR_RATIO = 2;

static const double yaw00_lev3_p09_prof[9] = // mean profile
{
    -0.0609066, -0.126795, -0.38739, -0.827763, -0.884057, 0.0509424, 0.0797653, 0.107471, 0.114737
};
static const double yaw00_cov_lev3_p09[9*9] = // covariance matrix
{
    0.489631, 0.00826339, 0.117402, 0.00808178, -0.000385986, -0.00714667, -0.0043195, -0.00845491, -0.000598321,
    0.00826339, 0.564319, 0.0421997, 0.00138844, 0.00150796, 0.0029519, -0.00618137, 0.015288, 0.0125628,
    0.117402, 0.0421997, 0.877913, 0.0192121, 0.00184628, -0.00442321, -0.00654854, -0.0111333, -0.0200319,
    0.00808178, 0.00138844, 0.0192121, 1.14325, -0.0126525, 0.00811048, -0.0221421, -0.0266807, -0.0153977,
    -0.000385986, 0.00150796, 0.00184628, -0.0126525, 0.179547, 0.0339579, 0.0677653, 0.0729812, 0.0821993,
    -0.00714667, 0.0029519, -0.00442321, 0.00811048, 0.0339579, 0.445999, 0.112342, 0.122956, 0.0907864,
    -0.0043195, -0.00618137, -0.00654854, -0.0221421, 0.0677653, 0.112342, 0.753537, 0.120615, 0.107289,
    -0.00845491, 0.015288, -0.0111333, -0.0266807, 0.0729812, 0.122956, 0.120615, 1.11148, 0.0947936,
    -0.000598321, 0.0125628, -0.0200319, -0.0153977, 0.0821993, 0.0907864, 0.107289, 0.0947936, 1.55189
};

static const ClassicDescMod yaw00_lev3_p09_classic(9, yaw00_lev3_p09_prof, yaw00_cov_lev3_p09);

} // namespace stasm
#endif // STASM_YAW00_LEV3_P09_CLASSIC_MH
