// yaw00_lev3_p24_classic.mh: machine generated classical descriptor matcher
//
// Command: tasm -d tasmout_muct77 ../tasm/shapes/muct77.shape 0 0 [abde]

#ifndef STASM_YAW00_LEV3_P24_CLASSIC_MH
#define STASM_YAW00_LEV3_P24_CLASSIC_MH

namespace stasm {

// static const int EYEMOUTH_DIST = 100;
// static const double PYR_RATIO = 2;

static const double yaw00_lev3_p24_prof[9] = // mean profile
{
    0.221313, 0.30439, 0.401658, 0.293921, -0.938942, 0.456295, -0.183247, -1.04108, 0.796924
};
static const double yaw00_cov_lev3_p24[9*9] = // covariance matrix
{
    1.28053, -0.0761011, 0.144721, 0.243232, 0.243906, 0.178999, 0.192882, 0.113585, 0.0573114,
    -0.0761011, 1.414, 0.022529, 0.127173, 0.192387, 0.112405, 0.139023, 0.0972503, 0.0849865,
    0.144721, 0.022529, 1.59034, 0.0920193, 0.103874, 0.140934, 0.141459, 0.122701, 0.07967,
    0.243232, 0.127173, 0.0920193, 2.19528, 0.00102284, 0.169938, 0.16379, 0.153826, 0.134969,
    0.243906, 0.192387, 0.103874, 0.00102284, 1.51434, 0.590344, 0.483809, 0.385878, 0.20815,
    0.178999, 0.112405, 0.140934, 0.169938, 0.590344, 1.1062, 0.648012, 0.36717, 0.207281,
    0.192882, 0.139023, 0.141459, 0.16379, 0.483809, 0.648012, 1.08805, 0.567205, 0.403509,
    0.113585, 0.0972503, 0.122701, 0.153826, 0.385878, 0.36717, 0.567205, 0.672068, 0.255445,
    0.0573114, 0.0849865, 0.07967, 0.134969, 0.20815, 0.207281, 0.403509, 0.255445, 0.588341
};

static const ClassicDescMod yaw00_lev3_p24_classic(9, yaw00_lev3_p24_prof, yaw00_cov_lev3_p24);

} // namespace stasm
#endif // STASM_YAW00_LEV3_P24_CLASSIC_MH
