// yaw00_lev3_p28_classic.mh: machine generated classical descriptor matcher
//
// Command: tasm -d tasmout_muct77 ../tasm/shapes/muct77.shape 0 0 [abde]

#ifndef STASM_YAW00_LEV3_P28_CLASSIC_MH
#define STASM_YAW00_LEV3_P28_CLASSIC_MH

namespace stasm {

// static const int EYEMOUTH_DIST = 100;
// static const double PYR_RATIO = 2;

static const double yaw00_lev3_p28_prof[9] = // mean profile
{
    0.350907, -0.120351, -0.875073, -0.719312, 0.403038, 0.707115, 0.0871195, 0.692257, 1.00729
};
static const double yaw00_cov_lev3_p28[9*9] = // covariance matrix
{
    1.2336, 0.0173149, 0.134313, 0.116705, 0.103638, 0.128733, 0.0653788, 0.0894124, 0.0942867,
    0.0173149, 1.42935, 0.0495061, 0.202745, 0.14826, 0.121116, 0.0648279, 0.0266716, 0.0860873,
    0.134313, 0.0495061, 1.47254, 0.624104, 0.341551, 0.228109, 0.213435, 0.170848, 0.074043,
    0.116705, 0.202745, 0.624104, 1.2131, 0.605425, 0.440205, 0.376346, 0.294395, 0.0387908,
    0.103638, 0.14826, 0.341551, 0.605425, 1.17252, 0.867263, 0.584818, 0.436163, 0.220669,
    0.128733, 0.121116, 0.228109, 0.440205, 0.867263, 1.36239, 0.77958, 0.61044, 0.408422,
    0.0653788, 0.0648279, 0.213435, 0.376346, 0.584818, 0.77958, 1.2988, 0.590748, 0.648338,
    0.0894124, 0.0266716, 0.170848, 0.294395, 0.436163, 0.61044, 0.590748, 1.05007, 0.548966,
    0.0942867, 0.0860873, 0.074043, 0.0387908, 0.220669, 0.408422, 0.648338, 0.548966, 1.52701
};

static const ClassicDescMod yaw00_lev3_p28_classic(9, yaw00_lev3_p28_prof, yaw00_cov_lev3_p28);

} // namespace stasm
#endif // STASM_YAW00_LEV3_P28_CLASSIC_MH
