// yaw00_lev3_p43_classic.mh: machine generated classical descriptor matcher
//
// Command: tasm -d tasmout_muct77 ../tasm/shapes/muct77.shape 0 0 [abde]

#ifndef STASM_YAW00_LEV3_P43_CLASSIC_MH
#define STASM_YAW00_LEV3_P43_CLASSIC_MH

namespace stasm {

// static const int EYEMOUTH_DIST = 100;
// static const double PYR_RATIO = 2;

static const double yaw00_lev3_p43_prof[9] = // mean profile
{
    0.302036, -0.104946, 0.150155, -0.0696886, -1.40525, 1.42774, 1.11815, 0.660496, 0.199477
};
static const double yaw00_cov_lev3_p43[9*9] = // covariance matrix
{
    1.22415, 0.214274, 0.231709, 0.164663, 0.135053, 0.0831387, 0.0178699, 0.047968, 0.00983934,
    0.214274, 1.24307, 0.583547, 0.466844, 0.320065, 0.214675, 0.0453136, 0.0809852, 0.154044,
    0.231709, 0.583547, 1.28276, 0.879606, 0.400187, 0.38176, 0.257115, 0.254276, 0.160638,
    0.164663, 0.466844, 0.879606, 1.66579, 0.855103, 0.648105, 0.430854, 0.43314, 0.285175,
    0.135053, 0.320065, 0.400187, 0.855103, 1.34731, 0.666687, 0.483068, 0.228315, 0.310172,
    0.0831387, 0.214675, 0.38176, 0.648105, 0.666687, 1.93098, 1.45285, 0.855502, 0.390378,
    0.0178699, 0.0453136, 0.257115, 0.430854, 0.483068, 1.45285, 2.4551, 1.06302, 0.201178,
    0.047968, 0.0809852, 0.254276, 0.43314, 0.228315, 0.855502, 1.06302, 2.74357, 0.224285,
    0.00983934, 0.154044, 0.160638, 0.285175, 0.310172, 0.390378, 0.201178, 0.224285, 2.21114
};

static const ClassicDescMod yaw00_lev3_p43_classic(9, yaw00_lev3_p43_prof, yaw00_cov_lev3_p43);

} // namespace stasm
#endif // STASM_YAW00_LEV3_P43_CLASSIC_MH
