// yaw00_lev2_p03_classic.mh: machine generated classical descriptor matcher
//
// Command: tasm -d tasmout_muct77 ../tasm/shapes/muct77.shape 0 0 [abde]

#ifndef STASM_YAW00_LEV2_P03_CLASSIC_MH
#define STASM_YAW00_LEV2_P03_CLASSIC_MH

namespace stasm {

// static const int EYEMOUTH_DIST = 100;
// static const double PYR_RATIO = 2;

static const double yaw00_lev2_p03_prof[9] = // mean profile
{
    -0.195835, -0.326939, -0.442363, -0.586002, -1.01212, -0.419194, 0.0929937, 0.0125652, 0.0412775
};
static const double yaw00_cov_lev2_p03[9*9] = // covariance matrix
{
    0.881262, -0.197004, 0.156016, -0.045368, -0.0198617, 0.00272576, 0.0171175, -0.00290416, -0.00407277,
    -0.197004, 1.26032, -0.243609, 0.135926, -0.0197026, 0.0175108, 0.00639424, 0.00262412, -0.00551672,
    0.156016, -0.243609, 1.69411, -0.203467, 0.00159995, 0.00489923, -0.00209747, -0.0159821, -0.017288,
    -0.045368, 0.135926, -0.203467, 1.93244, -0.0999888, 0.0367664, 0.00331958, -0.00764173, -0.00337466,
    -0.0198617, -0.0197026, 0.00159995, -0.0999888, 0.420748, -0.0644172, 0.0154938, 0.0121799, 0.0197129,
    0.00272576, 0.0175108, 0.00489923, 0.0367664, -0.0644172, 0.163296, -0.0115357, 0.0319957, 0.0353898,
    0.0171175, 0.00639424, -0.00209747, 0.00331958, 0.0154938, -0.0115357, 0.451139, -0.00810511, 0.0698236,
    -0.00290416, 0.00262412, -0.0159821, -0.00764173, 0.0121799, 0.0319957, -0.00810511, 0.585577, -0.00251232,
    -0.00407277, -0.00551672, -0.017288, -0.00337466, 0.0197129, 0.0353898, 0.0698236, -0.00251232, 0.779981
};

static const ClassicDescMod yaw00_lev2_p03_classic(9, yaw00_lev2_p03_prof, yaw00_cov_lev2_p03);

} // namespace stasm
#endif // STASM_YAW00_LEV2_P03_CLASSIC_MH
