// yaw00_lev3_p21_classic.mh: machine generated classical descriptor matcher
//
// Command: tasm -d tasmout_muct77 ../tasm/shapes/muct77.shape 0 0 [abde]

#ifndef STASM_YAW00_LEV3_P21_CLASSIC_MH
#define STASM_YAW00_LEV3_P21_CLASSIC_MH

namespace stasm {

// static const int EYEMOUTH_DIST = 100;
// static const double PYR_RATIO = 2;

static const double yaw00_lev3_p21_prof[9] = // mean profile
{
    0.312426, 0.349841, -0.19926, -1.86328, -1.0933, -0.227096, 0.0497558, 0.543016, 0.566875
};
static const double yaw00_cov_lev3_p21[9*9] = // covariance matrix
{
    2.0317, -0.157378, 0.0247302, -0.197933, -0.154453, -0.0726423, -0.0319808, 0.0233311, 0.131286,
    -0.157378, 2.09509, -0.225669, -0.0172608, -0.0470554, 0.0343631, 0.00925223, 0.0354261, 0.0399992,
    0.0247302, -0.225669, 1.29856, 0.0439902, 0.280834, 0.198358, 0.259204, 0.219753, 0.152386,
    -0.197933, -0.0172608, 0.0439902, 0.89966, 0.343099, 0.252188, 0.210431, 0.183959, 0.0673874,
    -0.154453, -0.0470554, 0.280834, 0.343099, 0.666743, 0.176384, 0.155052, 0.155936, 0.127936,
    -0.0726423, 0.0343631, 0.198358, 0.252188, 0.176384, 0.738972, 0.133668, 0.219728, 0.220445,
    -0.0319808, 0.00925223, 0.259204, 0.210431, 0.155052, 0.133668, 0.828041, 0.107743, 0.179021,
    0.0233311, 0.0354261, 0.219753, 0.183959, 0.155936, 0.219728, 0.107743, 1.15542, 0.214463,
    0.131286, 0.0399992, 0.152386, 0.0673874, 0.127936, 0.220445, 0.179021, 0.214463, 1.43503
};

static const ClassicDescMod yaw00_lev3_p21_classic(9, yaw00_lev3_p21_prof, yaw00_cov_lev3_p21);

} // namespace stasm
#endif // STASM_YAW00_LEV3_P21_CLASSIC_MH
